2024-06-19 18:02:57:
(50, 41)
(50, 42)
(51, 42)
(51, 43)
(52, 43)
(53, 43)
(53, 44)
(54, 44)
(54, 45)
(55, 45)
(55, 46)

2024-06-19 18:03:12:
(61, 51)
(61, 52)
(62, 52)
(62, 53)
(63, 53)
(64, 53)
(64, 54)
(65, 54)
(65, 55)
(66, 55)

2024-06-19 18:03:27:
(69, 48)
(69, 49)
(69, 50)
(69, 51)
(69, 52)
(69, 53)
(70, 53)
(70, 54)

2024-06-19 18:03:42:
(70, 55)
(70, 56)
(70, 57)
(70, 58)
(70, 59)
(70, 60)
(71, 60)
(71, 61)
(71, 62)

2024-06-19 18:03:57:
(50, 102)
(50, 103)
(51, 100)
(51, 101)
(51, 102)
(52, 99)
(52, 100)

2024-06-19 18:04:12:
(52, 89)
(52, 90)
(52, 91)
(53, 91)
(53, 92)
(54, 92)
(54, 93)
(55, 93)
(55, 94)

2024-06-19 18:04:27:
(72, 75)
(72, 76)
(72, 77)
(73, 77)
(73, 78)
(73, 79)
(73, 80)

2024-06-19 18:04:42:
(74, 55)
(74, 56)
(74, 57)
(74, 58)
(74, 59)
(74, 60)
(74, 61)

2024-06-19 18:04:57:
(47, 24)
(47, 25)
(47, 26)
(48, 26)
(48, 27)
(48, 28)
(48, 29)

2024-06-19 18:05:12:
(68, 36)
(68, 37)
(69, 37)
(69, 38)
(69, 39)
(69, 40)
(69, 41)

2024-06-19 18:05:27:
(69, 42)
(69, 43)
(70, 43)
(70, 44)
(70, 45)
(70, 46)
(70, 47)
(70, 48)

2024-06-19 18:05:42:
(60, 21)
(60, 22)
(60, 23)
(60, 24)
(61, 24)

2024-06-19 18:05:57:
(61, 25)
(61, 26)
(61, 27)
(61, 28)
(61, 29)
(62, 29)

2024-06-19 18:06:12:
(69, 81)
(69, 82)
(69, 83)
(69, 84)
(70, 78)
(70, 79)
(70, 80)
(70, 81)

2024-06-19 18:06:27:
(76, 79)
(76, 80)
(76, 81)
(76, 82)
(76, 83)

2024-06-19 18:06:42:
(73, 75)
(73, 76)
(73, 77)
(73, 78)
(73, 79)
(73, 80)

2024-06-19 18:06:57:
(40, 46)
(41, 46)
(41, 47)
(41, 48)
(41, 49)
(42, 49)
(42, 50)
(42, 51)
(42, 52)
(43, 52)
(43, 53)

2024-06-19 18:07:12:
(67, 55)
(67, 56)
(67, 57)
(67, 58)
(67, 59)
(67, 60)
(67, 61)
(68, 61)
(68, 62)

2024-06-19 18:07:27:
(53, 34)
(53, 35)
(54, 33)
(54, 34)
(55, 32)
(55, 33)
(56, 32)
(57, 31)
(57, 32)

2024-06-19 18:07:42:
(76, 58)
(76, 59)
(76, 60)
(77, 54)
(77, 55)
(77, 56)
(77, 57)
(77, 58)

2024-06-19 18:07:57:
(76, 65)
(76, 66)
(76, 67)
(76, 68)
(76, 69)
(76, 70)
(76, 71)

2024-06-19 18:08:12:
(41, 26)
(42, 26)
(42, 27)
(43, 27)
(43, 28)
(44, 28)
(44, 29)
(45, 29)

2024-06-19 18:08:27:
(75, 67)
(75, 68)
(75, 69)
(75, 70)
(75, 71)
(75, 72)
(75, 73)

2024-06-19 18:08:42:
(75, 73)
(75, 74)
(75, 75)
(75, 76)
(75, 77)
(75, 78)

2024-06-19 18:08:57:
(70, 48)
(70, 49)
(70, 50)
(70, 51)
(71, 51)
(71, 52)
(71, 53)
(71, 54)

2024-06-19 18:09:12:
(46, 83)
(47, 83)
(48, 83)
(48, 84)
(49, 84)
(50, 84)
(51, 84)
(52, 84)
(53, 84)

2024-06-19 18:09:27:
(73, 68)
(73, 69)
(73, 70)
(73, 71)
(73, 72)
(73, 73)

2024-06-19 18:09:42:
(47, 31)
(48, 30)
(48, 31)
(49, 29)
(49, 30)
(50, 28)
(50, 29)
(51, 28)

2024-06-19 18:09:57:
(42, 36)
(43, 35)
(43, 36)
(44, 34)
(44, 35)
(45, 33)
(45, 34)
(46, 32)
(46, 33)
(47, 32)

2024-06-19 18:10:12:
(76, 41)
(76, 42)
(76, 43)
(76, 44)
(76, 45)
(76, 46)
(77, 41)

2024-06-19 18:10:27:
(61, 57)
(61, 58)
(62, 54)
(62, 55)
(62, 56)
(62, 57)
(63, 52)
(63, 53)
(63, 54)

2024-06-19 18:10:42:
(75, 60)
(75, 61)
(75, 62)
(75, 63)
(76, 57)
(76, 58)
(76, 59)
(76, 60)

2024-06-19 18:10:57:
(77, 58)
(77, 59)
(78, 54)
(78, 55)
(78, 56)
(78, 57)
(78, 58)

2024-06-19 18:11:12:
(50, 43)
(51, 41)
(51, 42)
(51, 43)
(52, 40)
(52, 41)
(53, 39)
(53, 40)
(54, 38)
(54, 39)
(55, 38)

2024-06-19 18:11:27:
(77, 42)
(77, 43)
(77, 44)
(77, 45)
(77, 46)
(77, 47)

2024-06-19 18:11:42:
(76, 73)
(76, 74)
(76, 75)
(76, 76)
(76, 77)
(76, 78)
(77, 72)
(77, 73)

2024-06-19 18:11:57:
(40, 30)
(41, 30)
(41, 31)
(41, 32)
(41, 33)
(41, 34)
(41, 35)
(42, 35)
(42, 36)

2024-06-19 18:12:12:
(62, 41)
(62, 42)
(63, 39)
(63, 40)
(63, 41)
(64, 38)
(64, 39)

2024-06-19 18:12:27:
(64, 78)
(64, 79)
(65, 79)
(65, 80)
(65, 81)
(66, 81)
(66, 82)
(66, 83)

2024-06-19 18:12:42:
(75, 64)
(75, 65)
(76, 64)
(77, 63)
(77, 64)
(78, 62)
(78, 63)
(79, 62)

2024-06-19 18:12:57:
(69, 61)
(69, 62)
(69, 63)
(69, 64)
(69, 65)
(70, 65)
(70, 66)
(70, 67)
(70, 68)

2024-06-19 18:13:12:
(66, 72)
(67, 71)
(67, 72)
(68, 70)
(68, 71)
(69, 69)
(69, 70)
(70, 69)

2024-06-19 18:13:27:
(75, 86)
(75, 87)
(75, 88)
(76, 83)
(76, 84)
(76, 85)
(76, 86)

2024-06-19 18:13:42:
(60, 48)
(61, 48)
(61, 49)
(61, 50)
(61, 51)
(61, 52)
(62, 52)
(62, 53)
(62, 54)

2024-06-19 18:13:57:
(62, 55)
(62, 56)
(62, 57)
(63, 57)
(63, 58)
(63, 59)
(63, 60)
(63, 61)
(63, 62)
(64, 62)

2024-06-19 18:14:12:
(66, 79)
(66, 80)
(66, 81)
(67, 76)
(67, 77)
(67, 78)
(67, 79)
(68, 74)
(68, 75)
(68, 76)

2024-06-19 18:14:27:
(48, 25)
(49, 25)
(49, 26)
(50, 26)
(51, 26)
(51, 27)
(52, 27)
(52, 28)

2024-06-19 18:14:42:
(55, 22)
(56, 21)
(56, 22)
(57, 20)
(57, 21)
(58, 20)

2024-06-19 18:14:57:
(50, 25)
(51, 24)
(51, 25)
(52, 24)
(53, 23)
(53, 24)
(54, 22)
(54, 23)

2024-06-19 18:15:12:
(45, 29)
(46, 28)
(46, 29)
(47, 27)
(47, 28)
(48, 27)
(49, 26)
(49, 27)
(50, 26)

2024-06-19 18:15:27:
(74, 73)
(74, 74)
(74, 75)
(74, 76)
(74, 77)
(74, 78)
(74, 79)

2024-06-19 18:15:42:
(75, 53)
(75, 54)
(75, 55)
(75, 56)
(75, 57)
(75, 58)
(75, 59)

2024-06-19 18:15:57:
(65, 44)
(65, 45)
(65, 46)
(66, 42)
(66, 43)
(66, 44)
(67, 40)
(67, 41)
(67, 42)

2024-06-19 18:16:12:
(57, 30)
(57, 31)
(58, 29)
(58, 30)
(59, 28)
(59, 29)
(60, 28)
(61, 28)

2024-06-19 18:16:27:
(53, 34)
(53, 35)
(54, 33)
(54, 34)
(55, 32)
(55, 33)
(56, 31)
(56, 32)
(57, 31)

2024-06-19 18:16:42:
(49, 39)
(49, 40)
(50, 38)
(50, 39)
(51, 37)
(51, 38)
(52, 36)
(52, 37)
(53, 35)
(53, 36)

2024-06-19 18:16:57:
(64, 25)
(64, 26)
(65, 26)
(65, 27)
(65, 28)

2024-06-19 18:17:12:
(65, 29)
(65, 30)
(65, 31)
(66, 31)
(66, 32)
(66, 33)
(66, 34)

2024-06-19 18:17:27:
(44, 29)
(44, 30)
(44, 31)
(45, 31)
(45, 32)
(45, 33)
(45, 34)
(45, 35)

2024-06-19 18:17:42:
(45, 35)
(46, 35)
(46, 36)
(46, 37)
(46, 38)
(46, 39)
(47, 39)
(47, 40)
(47, 41)
(47, 42)

2024-06-19 18:17:57:
(47, 42)
(47, 43)
(48, 43)
(48, 44)
(48, 45)
(48, 46)
(48, 47)
(49, 47)
(49, 48)
(49, 49)

2024-06-19 18:18:12:
(77, 65)
(77, 66)
(77, 67)
(77, 68)
(77, 69)
(77, 70)
(77, 71)

2024-06-19 18:18:27:
(61, 91)
(61, 92)
(62, 92)
(62, 93)
(62, 94)
(63, 94)
(63, 95)

2024-06-19 18:18:42:
(76, 54)
(76, 55)
(76, 56)
(76, 57)
(76, 58)
(76, 59)
(77, 54)
(77, 55)
(77, 56)

2024-06-19 18:18:57:
(67, 74)
(67, 75)
(67, 76)
(68, 70)
(68, 71)
(68, 72)
(68, 73)
(68, 74)
(69, 70)

2024-06-19 18:19:12:
(76, 59)
(76, 60)
(76, 61)
(76, 62)
(76, 63)
(76, 64)
(76, 65)

2024-06-19 18:19:27:
(60, 69)
(61, 68)
(61, 69)
(62, 67)
(62, 68)
(63, 67)
(64, 66)
(64, 67)
(65, 66)
(66, 65)
(66, 66)

2024-06-19 18:19:42:
(54, 73)
(55, 72)
(55, 73)
(56, 71)
(56, 72)
(57, 71)
(58, 70)
(58, 71)
(59, 69)
(59, 70)
(60, 69)

2024-06-19 18:19:57:
(51, 34)
(51, 35)
(51, 36)
(52, 36)
(52, 37)
(52, 38)
(52, 39)
(52, 40)
(53, 40)

2024-06-19 18:20:12:
(73, 53)
(73, 54)
(73, 55)
(73, 56)
(73, 57)
(73, 58)
(73, 59)

2024-06-19 18:20:27:
(66, 76)
(66, 77)
(66, 78)
(67, 72)
(67, 73)
(67, 74)
(67, 75)
(67, 76)
(68, 71)
(68, 72)

2024-06-19 18:20:42:
(74, 66)
(74, 67)
(74, 68)
(74, 69)
(74, 70)
(74, 71)
(74, 72)

2024-06-19 18:20:57:
(76, 36)
(76, 37)
(76, 38)
(76, 39)

2024-06-19 18:21:12:
(68, 46)
(68, 47)
(68, 48)
(68, 49)
(68, 50)
(68, 51)
(68, 52)
(69, 52)
(69, 53)

2024-06-19 18:21:27:
(73, 48)
(73, 49)
(73, 50)
(73, 51)
(73, 52)
(73, 53)
(73, 54)

2024-06-19 18:21:42:
(70, 61)
(70, 62)
(70, 63)
(70, 64)
(71, 64)
(71, 65)
(71, 66)
(71, 67)

2024-06-19 18:21:57:
(59, 34)
(59, 35)
(59, 36)
(60, 36)
(60, 37)
(60, 38)
(60, 39)
(60, 40)

2024-06-19 18:22:12:
(57, 67)
(57, 68)
(58, 68)
(59, 68)
(60, 68)
(61, 68)
(61, 69)
(63, 69)

2024-06-19 18:22:27:
(76, 69)
(76, 70)
(77, 65)
(77, 66)
(77, 67)
(77, 68)
(77, 69)
(77, 70)

2024-06-19 18:22:42:
(66, 79)
(66, 80)
(66, 81)
(66, 82)
(67, 76)
(67, 77)
(67, 78)
(67, 79)

2024-06-19 18:22:57:
(62, 64)
(62, 65)
(62, 66)
(63, 62)
(63, 63)
(63, 64)
(64, 60)
(64, 61)
(64, 62)

2024-06-19 18:23:12:
(68, 40)
(68, 41)
(68, 42)
(68, 43)
(69, 43)
(69, 44)
(69, 45)

2024-06-19 18:23:27:
(74, 55)
(74, 56)
(74, 57)
(74, 58)
(74, 59)
(74, 60)
(74, 61)

2024-06-19 18:23:42:
(48, 52)
(48, 53)
(49, 53)
(49, 54)
(49, 55)
(49, 56)
(50, 56)
(50, 57)
(50, 58)
(50, 59)
(51, 59)
(51, 60)

2024-06-19 18:23:57:
(55, 57)
(55, 58)
(55, 59)
(56, 59)
(56, 60)
(56, 61)
(56, 62)
(57, 62)
(57, 63)
(57, 64)

2024-06-19 18:24:12:
(57, 65)
(58, 65)
(58, 66)
(58, 67)
(58, 68)
(58, 69)
(59, 69)
(59, 70)
(59, 71)
(59, 72)

2024-06-19 18:24:27:
(60, 72)
(60, 73)
(60, 74)
(60, 75)
(61, 75)
(61, 76)
(61, 77)
(62, 77)
(62, 78)

2024-06-19 18:24:42:
(75, 71)
(75, 72)
(75, 73)
(75, 74)
(76, 68)
(76, 69)
(76, 70)
(76, 71)

2024-06-19 18:24:57:
(74, 70)
(74, 71)
(74, 72)
(74, 73)
(74, 74)
(74, 75)
(74, 76)

2024-06-19 18:25:12:
(66, 56)
(67, 55)
(67, 56)
(68, 55)
(69, 54)
(69, 55)
(70, 54)
(71, 54)

2024-06-19 18:25:27:
(51, 40)
(51, 41)
(52, 39)
(52, 40)
(53, 38)
(53, 39)
(54, 37)

2024-06-19 18:25:42:
(54, 62)
(54, 63)
(55, 62)
(56, 61)
(56, 62)
(57, 61)
(58, 60)
(58, 61)
(59, 60)
(60, 60)

2024-06-19 18:25:57:
(74, 59)
(74, 60)
(74, 61)
(75, 61)
(75, 62)
(75, 63)
(75, 64)
(75, 65)

2024-06-19 18:26:12:
(65, 58)
(65, 59)
(66, 55)
(66, 56)
(66, 57)
(66, 58)
(67, 53)
(67, 54)
(67, 55)

2024-06-19 18:26:27:
(68, 39)
(68, 40)
(68, 41)
(68, 42)
(68, 43)
(69, 43)
(69, 44)
(69, 45)

2024-06-19 18:26:42:
(69, 46)
(69, 47)
(69, 48)
(69, 49)
(70, 49)
(70, 50)
(70, 51)
(70, 52)

2024-06-19 18:26:57:
(65, 43)
(65, 44)
(65, 45)
(66, 41)
(66, 42)
(66, 43)
(67, 40)
(67, 41)

2024-06-19 18:27:12:
(72, 51)
(72, 52)
(72, 53)
(72, 54)
(72, 55)
(73, 49)
(73, 50)
(73, 51)

2024-06-19 18:27:27:
(73, 43)
(73, 44)

2024-06-19 18:34:27:
(45, 68)
(45, 69)
(46, 69)
(46, 70)
(46, 71)
(47, 71)
(47, 72)
(47, 73)
(48, 73)
(48, 74)
(48, 75)

2024-06-19 18:34:42:
(69, 51)
(69, 52)
(70, 48)
(70, 49)
(70, 50)
(70, 51)
(71, 47)
(71, 48)

2024-06-19 18:34:57:
(67, 31)
(68, 29)
(68, 30)
(68, 31)
(69, 28)
(69, 29)

2024-06-19 18:35:12:
(37, 29)
(38, 28)
(39, 27)
(39, 28)
(40, 26)
(40, 27)
(41, 26)
(42, 25)
(42, 26)

2024-06-19 18:35:27:
(44, 34)
(44, 35)
(44, 36)
(45, 36)
(45, 37)
(45, 38)
(45, 39)
(45, 40)

2024-06-19 18:35:42:
(25, 39)
(25, 40)
(26, 38)
(26, 39)
(27, 37)
(27, 38)
(28, 36)
(28, 37)
(29, 35)
(29, 36)
(30, 35)

2024-06-19 18:35:57:
(55, 50)
(55, 51)
(56, 48)
(56, 49)
(56, 50)
(57, 47)
(57, 48)
(58, 45)
(58, 46)
(58, 47)

2024-06-19 18:36:12:
(71, 61)
(72, 56)
(72, 57)
(72, 58)
(72, 59)
(72, 60)
(72, 61)
(73, 55)
(73, 56)

2024-06-19 18:36:27:
(70, 51)
(70, 52)
(71, 47)
(71, 48)
(71, 49)
(71, 50)
(71, 51)
(72, 47)

2024-06-19 18:36:42:
(60, 38)
(60, 39)
(60, 40)
(60, 41)
(61, 41)
(61, 42)
(61, 43)
(61, 44)

2024-06-19 18:36:57:
(61, 44)
(61, 45)
(61, 46)
(62, 46)
(62, 47)
(62, 48)
(62, 49)
(62, 50)
(62, 51)
(63, 51)

2024-06-19 18:37:12:
(62, 55)
(63, 53)
(63, 54)
(63, 55)
(64, 50)
(64, 51)
(64, 52)
(64, 53)
(65, 50)

2024-06-19 18:37:27:
(54, 40)
(54, 41)
(54, 42)
(55, 42)
(55, 43)
(55, 44)
(55, 45)
(55, 46)
(56, 46)
(56, 47)
(56, 48)

2024-06-19 18:37:42:
(56, 49)
(56, 50)
(57, 50)
(57, 51)
(57, 52)
(57, 53)
(57, 54)
(58, 54)
(58, 55)
(58, 56)
(58, 57)

2024-06-19 18:37:57:
(59, 57)
(59, 58)
(59, 59)
(59, 60)
(59, 61)
(60, 61)
(60, 62)
(60, 63)
(60, 64)
(61, 64)
(61, 65)

2024-06-19 18:38:12:
(53, 46)
(53, 47)
(53, 48)
(53, 49)
(54, 49)
(54, 50)
(54, 51)
(54, 52)
(55, 52)
(55, 53)

2024-06-19 18:38:27:
(60, 47)
(61, 47)
(62, 47)
(62, 48)
(63, 48)
(64, 48)
(64, 49)
(65, 49)
(66, 49)
(66, 50)

2024-06-19 18:38:42:
(40, 30)
(41, 29)
(41, 30)
(42, 29)
(43, 28)
(43, 29)
(44, 27)
(44, 28)
(45, 27)

2024-06-19 18:38:57:
(46, 39)
(47, 39)
(47, 40)
(48, 40)
(49, 40)
(49, 41)
(50, 41)
(51, 41)
(51, 42)
(52, 42)
(53, 42)

2024-06-19 18:39:12:
(40, 41)
(40, 42)
(40, 43)
(40, 44)
(41, 44)
(41, 45)
(41, 46)
(41, 47)
(42, 47)
(42, 48)

2024-06-19 18:39:27:
(59, 84)
(59, 85)
(60, 81)
(60, 82)
(60, 83)
(60, 84)
(61, 80)
(61, 81)

2024-06-19 18:39:42:
(70, 66)
(71, 66)
(71, 67)
(71, 68)
(71, 69)
(71, 70)
(71, 71)
(71, 72)

2024-06-19 18:39:57:
(49, 36)
(49, 37)
(50, 35)
(50, 36)
(51, 34)
(51, 35)
(52, 33)
(52, 34)
(53, 33)

2024-06-19 18:40:12:
(73, 50)
(73, 51)
(73, 52)
(73, 53)
(73, 54)
(73, 55)
(74, 55)
(74, 56)

2024-06-19 18:40:27:
(62, 53)
(62, 54)
(63, 54)
(63, 55)
(63, 56)
(63, 57)
(63, 58)
(63, 59)
(64, 59)
(64, 60)

2024-06-19 18:40:42:
(55, 23)
(56, 23)
(56, 24)
(56, 25)
(56, 26)
(56, 27)

2024-06-19 18:40:57:
(60, 72)
(61, 69)
(61, 70)
(61, 71)
(61, 72)
(62, 66)
(62, 67)
(62, 68)
(62, 69)
(63, 65)
(63, 66)

2024-06-19 18:41:12:
(58, 77)
(58, 78)
(58, 79)
(59, 75)
(59, 76)
(59, 77)
(60, 73)
(60, 74)
(60, 75)

2024-06-19 18:41:27:
(70, 50)
(70, 51)
(70, 52)
(70, 53)
(70, 54)
(70, 55)
(70, 56)
(70, 57)

2024-06-19 18:41:42:
(35, 31)
(36, 31)
(36, 32)
(37, 32)
(38, 32)
(38, 33)
(39, 33)
(40, 33)
(41, 33)
(41, 34)

2024-06-19 18:41:57:
(34, 29)
(34, 30)
(34, 31)
(34, 32)
(35, 32)
(35, 33)
(35, 34)
(35, 35)

2024-06-19 18:42:12:
(64, 62)
(65, 62)
(65, 63)
(65, 64)
(65, 65)
(65, 66)
(65, 67)
(66, 67)
(66, 68)

2024-06-19 18:42:27:
(66, 69)
(66, 70)
(66, 71)
(67, 71)
(67, 72)
(67, 73)
(67, 74)
(67, 75)

2024-06-19 18:42:42:
(75, 52)
(75, 53)
(75, 54)
(75, 55)
(76, 50)
(76, 51)
(76, 52)

2024-06-19 18:42:57:
(74, 57)
(74, 58)
(74, 59)
(74, 60)
(74, 61)
(75, 55)
(75, 56)
(75, 57)

2024-06-19 18:43:12:
(72, 67)
(72, 68)
(73, 62)
(73, 63)
(73, 64)
(73, 65)
(73, 66)
(73, 67)
(74, 62)

2024-06-19 18:43:27:
(35, 31)
(35, 32)
(35, 33)
(36, 33)
(36, 34)
(36, 35)
(36, 36)

2024-06-19 18:43:42:
(74, 57)
(74, 58)
(74, 59)
(74, 60)
(74, 61)
(74, 62)
(74, 63)

2024-06-19 18:43:57:
(57, 52)
(57, 53)
(58, 53)
(58, 54)
(58, 55)
(58, 56)
(58, 57)
(59, 57)
(59, 58)
(59, 59)

2024-06-19 18:44:12:
(43, 43)
(44, 42)
(44, 43)
(45, 42)
(46, 42)
(47, 41)
(47, 42)
(48, 41)
(49, 41)
(50, 41)

2024-06-19 18:44:27:
(42, 33)
(42, 34)
(42, 35)
(42, 36)
(43, 36)
(43, 37)
(43, 38)
(43, 39)

2024-06-19 18:44:42:
(43, 39)
(43, 40)
(44, 40)
(44, 41)
(44, 42)
(44, 43)
(44, 44)
(44, 45)
(45, 45)
(45, 46)

2024-06-19 18:44:57:
(45, 47)
(45, 48)
(46, 48)
(46, 49)
(46, 50)
(46, 51)
(47, 51)
(47, 52)
(47, 53)
(47, 54)
(48, 54)

2024-06-19 18:45:12:
(48, 55)
(48, 56)
(48, 57)
(49, 57)
(49, 58)
(49, 59)
(49, 60)
(49, 61)
(50, 61)
(50, 62)
(50, 63)

2024-06-19 18:45:27:
(71, 48)
(71, 49)
(71, 50)
(71, 51)
(71, 52)
(71, 53)

2024-06-19 18:45:42:
(42, 82)
(43, 79)
(43, 80)
(43, 81)
(43, 82)
(44, 77)
(44, 78)
(44, 79)
(45, 75)
(45, 76)
(45, 77)

2024-06-19 18:45:57:
(36, 46)
(37, 44)
(37, 45)
(37, 46)
(38, 43)
(38, 44)
(39, 42)
(39, 43)
(40, 41)
(40, 42)
(41, 40)
(41, 41)

2024-06-19 18:46:12:
(64, 82)
(64, 83)
(64, 84)
(64, 85)
(65, 79)
(65, 80)
(65, 81)
(65, 82)

2024-06-19 18:46:27:
(62, 38)
(63, 38)
(63, 39)
(64, 39)
(65, 39)
(65, 40)
(66, 40)
(66, 41)
(67, 41)

2024-06-19 18:46:42:
(56, 34)
(57, 34)
(57, 35)
(60, 36)
(60, 37)
(61, 37)

2024-06-19 18:46:57:
(71, 71)
(71, 72)
(71, 73)
(72, 67)
(72, 68)
(72, 69)
(72, 70)
(72, 71)

2024-06-19 18:47:12:
(70, 76)
(70, 77)
(70, 78)
(70, 79)
(71, 74)
(71, 75)
(71, 76)

2024-06-19 18:47:27:
(51, 87)
(51, 88)
(52, 88)
(52, 89)
(53, 89)
(53, 90)
(53, 91)
(54, 91)
(54, 92)

2024-06-19 18:47:42:
(36, 36)
(37, 35)
(37, 36)
(38, 34)
(38, 35)
(39, 34)
(40, 33)
(40, 34)
(41, 32)
(41, 33)
(42, 32)

2024-06-19 18:47:57:
(62, 44)
(62, 45)
(63, 42)
(63, 43)
(63, 44)
(64, 40)
(64, 41)
(64, 42)
(65, 40)

2024-06-19 18:48:12:
(65, 82)
(65, 83)
(65, 84)
(66, 84)
(66, 85)
(66, 86)

2024-06-19 18:48:27:
(62, 45)
(62, 46)
(63, 46)
(63, 47)
(64, 47)
(64, 48)
(65, 48)
(65, 49)
(66, 49)
(66, 50)

2024-06-19 18:48:42:
(55, 31)
(55, 32)
(55, 33)
(56, 33)
(56, 34)
(56, 35)
(56, 36)

2024-06-19 18:48:57:
(56, 37)
(57, 37)
(57, 38)
(57, 39)
(57, 40)
(57, 41)
(57, 42)
(58, 42)
(58, 43)

2024-06-19 18:49:12:
(77, 49)
(77, 50)
(77, 51)
(77, 52)
(78, 52)
(78, 53)
(78, 54)
(78, 55)

2024-06-19 18:49:27:
(78, 70)
(78, 71)
(78, 72)
(78, 73)
(78, 74)
(78, 75)
(78, 76)

2024-06-19 18:49:42:
(60, 33)
(61, 33)
(62, 33)
(63, 33)
(64, 33)

2024-06-19 18:49:57:
(63, 66)
(63, 67)
(64, 67)
(64, 68)
(64, 69)
(64, 70)
(64, 71)
(64, 72)
(65, 72)

2024-06-19 18:50:12:
(45, 35)
(46, 35)
(47, 35)
(48, 35)
(49, 34)
(49, 35)
(50, 34)
(51, 34)
(52, 34)

2024-06-19 18:50:27:
(38, 37)
(39, 37)
(40, 36)
(40, 37)
(41, 36)
(42, 36)
(43, 36)
(44, 35)
(44, 36)
(45, 35)

2024-06-19 18:50:42:
(69, 71)
(70, 67)
(70, 68)
(70, 69)
(70, 70)
(70, 71)
(71, 65)
(71, 66)
(71, 67)

2024-06-19 18:50:57:
(30, 39)
(30, 40)
(31, 39)
(32, 39)
(33, 38)
(33, 39)
(34, 38)
(35, 38)
(36, 37)
(36, 38)

2024-06-19 18:51:12:
(22, 42)
(23, 42)
(24, 41)
(24, 42)
(25, 41)
(26, 41)
(27, 40)
(27, 41)
(28, 40)
(29, 40)

2024-06-19 18:51:27:
(64, 77)
(64, 78)
(65, 73)
(65, 74)
(65, 75)
(65, 76)
(65, 77)
(66, 72)
(66, 73)

2024-06-19 18:51:42:
(52, 26)
(52, 27)
(52, 28)
(52, 29)
(53, 29)
(53, 30)
(53, 31)

2024-06-19 18:51:57:
(57, 33)
(58, 32)
(58, 33)
(59, 31)
(59, 32)
(60, 30)
(60, 31)
(61, 30)

2024-06-19 18:52:12:
(53, 38)
(54, 36)
(54, 37)
(54, 38)
(55, 35)
(55, 36)
(56, 34)
(56, 35)
(57, 33)
(57, 34)

2024-06-19 18:52:27:
(46, 73)
(46, 74)
(47, 74)
(47, 75)
(47, 76)
(48, 76)
(48, 77)
(49, 77)
(49, 78)
(49, 79)

2024-06-19 18:52:42:

2024-06-19 18:52:57:
(40, 28)
(40, 29)
(41, 27)
(41, 28)
(42, 27)
(43, 26)
(43, 27)
(44, 25)
(44, 26)
(45, 25)

2024-06-19 18:53:12:
(42, 33)
(42, 34)
(43, 34)
(43, 35)
(43, 36)
(43, 37)
(43, 38)
(44, 38)
(44, 39)

2024-06-19 18:53:27:
(74, 64)
(74, 65)
(74, 66)
(75, 60)
(75, 61)
(75, 62)
(75, 63)
(75, 64)

2024-06-19 18:53:42:
(59, 83)
(59, 84)
(59, 85)
(60, 80)
(60, 81)
(60, 82)
(60, 83)
(61, 79)
(61, 80)

2024-06-19 18:53:57:
(72, 76)
(72, 77)
(72, 78)
(72, 79)
(73, 73)
(73, 74)
(73, 75)
(73, 76)

2024-06-19 18:54:12:
(77, 48)
(77, 49)
(77, 50)
(77, 51)
(77, 52)
(77, 53)
(77, 54)

2024-06-19 18:54:27:
(29, 36)
(29, 37)
(30, 37)
(30, 38)
(30, 39)
(30, 40)
(30, 41)
(31, 41)
(31, 42)
(31, 43)

2024-06-19 18:54:42:
(67, 77)
(67, 78)
(67, 79)
(68, 74)
(68, 75)
(68, 76)
(68, 77)
(69, 73)
(69, 74)

2024-06-19 18:54:57:
(32, 54)
(32, 55)
(33, 53)
(33, 54)
(34, 51)
(34, 52)
(34, 53)
(35, 50)
(35, 51)
(36, 49)
(36, 50)
(37, 48)
(37, 49)

2024-06-19 18:55:12:
(64, 54)

2024-06-19 18:55:27:
(48, 30)
(48, 31)
(48, 32)
(48, 33)
(49, 33)
(49, 34)
(49, 35)
(49, 36)

2024-06-19 18:55:42:
(72, 50)
(72, 51)
(72, 52)
(72, 53)
(72, 54)
(72, 55)
(73, 55)
(73, 56)

2024-06-19 18:55:57:
(41, 52)
(41, 53)
(41, 54)
(41, 55)
(42, 55)
(42, 56)
(42, 57)
(42, 58)
(43, 58)
(43, 59)
(43, 60)

2024-06-19 18:56:12:
(48, 29)
(49, 29)
(50, 29)
(51, 29)
(52, 29)
(53, 29)
(54, 29)

2024-06-19 18:56:27:
(41, 30)
(42, 30)
(43, 30)
(44, 30)
(45, 29)
(45, 30)
(46, 29)
(47, 29)

2024-06-19 18:56:42:
(36, 77)
(36, 78)
(37, 75)
(37, 76)
(37, 77)
(38, 73)
(38, 74)
(38, 75)
(39, 71)
(39, 72)
(39, 73)

2024-06-19 18:56:57:
(73, 59)
(73, 60)
(73, 61)
(73, 62)
(74, 62)
(74, 63)
(74, 64)
(74, 65)

2024-06-19 18:57:12:
(61, 80)
(61, 81)
(61, 82)
(61, 83)
(62, 78)
(62, 79)
(62, 80)

2024-06-19 18:57:27:
(56, 31)
(56, 32)
(57, 32)
(57, 33)
(57, 34)
(57, 35)
(57, 36)

2024-06-19 18:57:42:
(57, 37)
(57, 38)
(58, 38)
(58, 39)
(58, 40)
(58, 41)
(58, 42)
(59, 42)
(59, 43)

2024-06-19 18:57:57:
(71, 77)
(71, 78)
(72, 78)
(72, 79)
(72, 80)
(72, 81)
(72, 82)

2024-06-19 18:58:12:
(61, 51)
(61, 52)
(61, 53)
(61, 54)
(61, 55)
(62, 55)
(62, 56)
(62, 57)
(62, 58)

2024-06-19 18:58:27:
(44, 26)
(45, 26)
(45, 27)
(45, 28)
(45, 29)
(45, 30)
(45, 31)
(46, 31)

2024-06-19 18:58:42:
(56, 59)
(56, 60)
(56, 61)
(57, 57)
(57, 58)
(57, 59)
(58, 55)
(58, 56)
(58, 57)
(59, 54)
(59, 55)

2024-06-19 18:58:57:
(68, 41)
(68, 42)
(68, 43)
(68, 44)
(68, 45)
(68, 46)
(69, 46)
(69, 47)

2024-06-19 18:59:12:
(76, 64)
(76, 65)
(76, 66)
(76, 67)
(76, 68)
(76, 69)
(76, 70)

2024-06-19 18:59:27:
(68, 55)
(68, 56)
(69, 56)
(69, 57)
(69, 58)
(69, 59)
(69, 60)
(69, 61)
(70, 61)
(70, 62)

2024-06-19 18:59:42:
(50, 21)
(51, 21)
(51, 22)
(52, 22)
(52, 23)
(53, 23)
(54, 23)
(54, 24)

2024-06-19 18:59:57:
(43, 69)
(44, 67)
(44, 68)
(44, 69)
(45, 65)
(45, 66)
(45, 67)
(46, 62)
(46, 63)
(46, 64)
(47, 62)

2024-06-19 19:00:12:
(71, 54)
(71, 55)
(72, 50)
(72, 51)
(72, 52)
(72, 53)
(72, 54)
(73, 50)

2024-06-19 19:00:27:
(70, 58)
(70, 59)
(70, 60)
(70, 61)
(70, 62)
(71, 56)
(71, 57)
(71, 58)

2024-06-19 19:00:42:
(71, 38)
(71, 39)
(72, 39)
(72, 40)
(72, 41)
(72, 42)
(72, 43)

2024-06-19 19:00:57:
(66, 63)
(66, 64)
(66, 65)
(66, 66)
(66, 67)
(67, 67)
(67, 68)
(67, 69)

2024-06-19 19:01:12:
(52, 36)
(53, 36)
(53, 37)
(53, 38)
(53, 39)
(53, 40)
(53, 41)
(54, 41)
(54, 42)

2024-06-19 19:01:27:
(68, 76)
(68, 77)
(68, 78)
(69, 78)
(69, 79)
(69, 80)
(69, 81)

2024-06-19 19:01:42:
(69, 82)
(69, 83)
(69, 84)
(69, 85)
(70, 80)
(70, 81)
(70, 82)

2024-06-19 19:01:57:
(41, 27)
(42, 26)
(42, 27)
(43, 25)
(43, 26)
(44, 25)
(45, 24)
(45, 25)
(46, 24)

2024-06-19 19:02:12:
(36, 31)
(37, 30)
(37, 31)
(38, 29)
(38, 30)
(39, 28)
(39, 29)
(40, 28)
(41, 27)
(41, 28)

2024-06-19 19:02:27:
(69, 50)
(69, 51)
(69, 52)
(69, 53)
(69, 54)
(69, 55)
(69, 56)
(70, 56)

2024-06-19 19:02:42:
(59, 80)
(59, 81)
(59, 82)
(60, 77)
(60, 78)
(60, 79)
(60, 80)
(61, 76)
(61, 77)

2024-06-19 19:02:57:
(46, 53)
(46, 54)
(46, 55)
(47, 55)
(47, 56)
(47, 57)
(47, 58)
(48, 58)
(48, 59)
(48, 60)

2024-06-19 19:03:12:
(70, 62)
(70, 63)
(71, 58)
(71, 59)
(71, 60)
(71, 61)
(71, 62)
(72, 57)
(72, 58)

2024-06-19 19:03:27:
(69, 67)
(69, 68)
(69, 69)
(69, 70)
(70, 64)
(70, 65)
(70, 66)
(70, 67)

2024-06-19 19:03:42:
(55, 76)
(55, 77)
(55, 78)
(56, 78)
(56, 79)
(56, 80)
(57, 80)
(57, 81)
(57, 82)

2024-06-19 19:03:57:
(74, 88)
(74, 89)
(74, 90)
(74, 91)
(74, 92)

2024-06-19 19:04:12:
(63, 88)
(63, 89)
(64, 84)
(64, 85)
(64, 86)
(64, 87)
(64, 88)
(65, 83)
(65, 84)

2024-06-19 19:04:27:
(75, 74)
(75, 75)
(75, 76)
(75, 77)
(75, 78)
(75, 79)
(75, 80)
(76, 75)
(76, 76)

2024-06-19 19:04:42:
(72, 72)
(72, 73)
(72, 74)
(72, 75)
(72, 76)
(73, 76)
(73, 77)

2024-06-19 19:04:57:
(74, 86)
(74, 87)
(74, 88)
(74, 89)
(74, 90)

2024-06-19 19:05:12:
(36, 27)
(36, 28)
(36, 29)
(36, 30)
(37, 30)
(37, 31)
(37, 32)

2024-06-19 19:05:27:
(72, 67)
(72, 68)
(72, 69)
(72, 70)
(72, 71)
(72, 72)
(73, 72)
(73, 73)

2024-06-19 19:05:42:
(64, 77)
(64, 78)
(65, 73)
(65, 74)
(65, 75)
(65, 76)
(65, 77)
(66, 71)
(66, 72)
(66, 73)

2024-06-19 19:05:57:
(70, 53)
(70, 54)
(70, 55)
(70, 56)
(71, 50)
(71, 51)
(71, 52)
(71, 53)

2024-06-19 19:06:12:
(32, 85)
(32, 86)
(32, 87)
(33, 82)
(33, 83)
(33, 84)
(33, 85)
(34, 82)

2024-06-19 19:06:27:
(72, 70)
(73, 70)
(73, 71)
(73, 72)
(73, 73)
(73, 74)
(73, 75)
(73, 76)

2024-06-19 19:06:42:
(48, 42)
(48, 43)
(49, 41)
(49, 42)
(50, 40)
(50, 41)
(51, 38)
(51, 39)
(51, 40)
(52, 37)
(52, 38)

2024-06-19 19:06:57:
(62, 80)
(62, 81)
(62, 82)
(62, 83)
(63, 77)
(63, 78)
(63, 79)
(63, 80)
(64, 77)

2024-06-19 19:07:12:
(67, 84)
(67, 85)
(68, 81)
(68, 82)
(68, 83)
(68, 84)
(69, 79)
(69, 80)
(69, 81)

2024-06-19 19:07:27:
(66, 88)
(66, 89)
(66, 90)
(67, 85)
(67, 86)
(67, 87)
(67, 88)

2024-06-19 19:07:42:
(62, 64)
(62, 65)
(62, 66)
(63, 66)
(63, 67)
(63, 68)
(63, 69)
(63, 70)
(64, 70)

2024-06-19 19:07:57:
(74, 68)
(74, 69)
(74, 70)
(74, 71)
(74, 72)
(74, 73)
(75, 67)
(75, 68)

2024-06-19 19:08:12:
(65, 77)
(65, 78)
(66, 78)
(66, 79)
(66, 80)
(66, 81)
(66, 82)
(67, 82)

2024-06-19 19:08:27:
(72, 63)
(72, 64)
(72, 65)
(72, 66)
(72, 67)
(72, 68)

2024-06-19 19:08:42:
(70, 59)
(70, 60)
(70, 61)
(70, 62)
(71, 56)
(71, 57)
(71, 58)
(71, 59)

2024-06-19 19:08:57:
(68, 66)
(68, 67)
(68, 68)
(68, 69)
(69, 63)
(69, 64)
(69, 65)
(69, 66)
(70, 63)

2024-06-19 19:09:12:
(71, 62)
(72, 59)
(72, 60)
(72, 61)
(72, 62)
(73, 55)
(73, 56)
(73, 57)
(73, 58)
(73, 59)

2024-06-19 19:09:27:
(64, 80)
(64, 81)
(64, 82)
(65, 77)
(65, 78)
(65, 79)
(65, 80)
(66, 76)
(66, 77)

2024-06-19 19:09:42:
(62, 87)
(62, 88)
(63, 84)
(63, 85)
(63, 86)
(63, 87)
(64, 83)
(64, 84)

2024-06-19 19:09:57:
(56, 35)
(56, 36)
(57, 34)
(57, 35)
(58, 33)
(58, 34)
(59, 32)
(59, 33)
(60, 32)

2024-06-19 19:10:12:
(71, 47)
(71, 48)
(71, 49)
(71, 50)
(71, 51)
(71, 52)
(71, 53)

2024-06-19 19:10:27:
(50, 86)
(50, 87)
(50, 88)
(50, 89)
(51, 83)
(51, 84)
(51, 85)
(51, 86)
(52, 83)

2024-06-19 19:10:42:
(68, 81)
(68, 82)
(69, 77)
(69, 78)
(69, 79)
(69, 80)
(69, 81)
(70, 77)

2024-06-19 19:10:57:
(74, 79)
(74, 80)
(75, 75)
(75, 76)
(75, 77)
(75, 78)
(75, 79)

2024-06-19 19:11:12:
(63, 73)
(63, 74)
(63, 75)
(64, 75)
(64, 76)
(64, 77)
(65, 77)
(65, 78)
(65, 79)

2024-06-19 19:11:27:
(44, 22)
(44, 23)
(45, 23)
(45, 24)
(45, 25)
(45, 26)

2024-06-19 19:11:42:
(68, 53)
(68, 54)
(68, 55)
(68, 56)
(68, 57)
(68, 58)
(68, 59)
(69, 59)
(69, 60)

2024-06-19 19:11:57:
(70, 55)
(70, 56)
(71, 52)
(71, 53)
(71, 54)
(71, 55)
(72, 50)
(72, 51)
(72, 52)

