2024-06-11 21:18:27:
(69, 60)
(69, 61)
(69, 62)
(70, 56)
(70, 57)
(70, 58)
(70, 59)
(70, 60)
(71, 56)

2024-06-11 21:18:42:
(43, 35)
(43, 36)
(43, 37)
(44, 37)
(44, 38)
(44, 39)
(44, 40)
(44, 41)

2024-06-11 21:18:57:
(76, 53)
(76, 54)
(76, 55)
(76, 56)
(76, 57)
(76, 58)
(76, 59)
(77, 59)

2024-06-11 21:19:12:
(27, 46)
(28, 45)
(28, 46)
(29, 44)
(29, 45)
(30, 43)
(30, 44)
(31, 42)
(31, 43)
(32, 41)
(32, 42)
(33, 40)
(33, 41)

2024-06-11 21:19:27:
(72, 36)
(72, 37)
(72, 38)
(72, 39)
(73, 39)
(73, 40)
(73, 41)

2024-06-11 21:19:42:
(73, 41)
(73, 42)
(73, 43)
(73, 44)
(73, 45)
(73, 46)
(73, 47)

2024-06-11 21:19:57:
(73, 47)
(74, 47)
(74, 48)
(74, 49)
(74, 50)
(74, 51)
(74, 52)
(74, 53)

2024-06-11 21:20:12:
(74, 54)
(74, 55)
(74, 56)
(74, 57)
(74, 58)
(75, 58)
(75, 59)
(75, 60)

2024-06-11 21:20:27:
(75, 60)
(75, 61)
(75, 62)
(75, 63)
(75, 64)
(75, 65)
(75, 66)

2024-06-11 21:20:42:
(62, 44)
(62, 45)
(63, 42)
(63, 43)
(63, 44)
(64, 40)
(64, 41)
(64, 42)
(65, 40)

2024-06-11 21:20:57:
(59, 50)
(59, 51)
(60, 48)
(60, 49)
(60, 50)
(61, 46)
(61, 47)
(61, 48)
(62, 46)

2024-06-11 21:21:12:
(53, 63)
(53, 64)
(53, 65)
(54, 65)
(54, 66)
(54, 67)
(55, 68)
(55, 69)
(55, 70)
(56, 70)
(56, 71)

2024-06-11 21:21:27:
(71, 54)
(71, 55)
(71, 56)
(71, 57)
(71, 58)
(71, 59)
(71, 60)

2024-06-11 21:21:42:
(72, 61)
(72, 62)
(72, 63)
(72, 64)
(72, 65)
(72, 66)
(72, 67)

2024-06-11 21:21:57:
(64, 39)
(65, 39)
(65, 40)
(65, 41)
(65, 42)
(65, 43)
(65, 44)
(66, 44)
(66, 45)

2024-06-11 21:22:12:
(73, 74)
(73, 75)
(73, 76)
(73, 77)
(73, 78)
(73, 79)

2024-06-11 21:22:27:
(62, 85)
(62, 86)
(62, 87)
(63, 87)
(63, 88)
(63, 89)
(64, 89)
(64, 90)

2024-06-11 21:22:42:
(75, 72)
(75, 73)
(75, 74)
(75, 75)
(75, 76)
(75, 77)
(76, 71)
(76, 72)

2024-06-11 21:22:57:
(71, 84)
(71, 85)
(71, 86)
(71, 87)
(72, 82)
(72, 83)
(72, 84)

2024-06-11 21:23:12:
(69, 43)
(69, 44)
(69, 45)
(70, 40)
(70, 41)
(70, 42)
(70, 43)

2024-06-11 21:23:27:
(66, 51)
(67, 48)
(67, 49)
(67, 50)
(67, 51)
(68, 46)
(68, 47)
(68, 48)
(69, 45)
(69, 46)

2024-06-11 21:23:42:
(42, 87)
(42, 88)
(42, 89)
(43, 84)
(43, 85)
(43, 86)
(43, 87)
(44, 83)
(44, 84)
(44, 85)

2024-06-11 21:23:57:
(66, 44)
(66, 45)
(67, 45)
(67, 46)
(68, 46)
(68, 47)
(69, 47)
(69, 48)
(70, 48)
(70, 49)

2024-06-11 21:24:12:
(80, 65)
(80, 66)
(80, 67)
(80, 68)
(80, 69)
(80, 70)
(80, 71)
(80, 72)

2024-06-11 21:24:27:
(63, 71)
(63, 72)
(63, 73)
(63, 74)
(63, 75)
(64, 75)
(64, 76)
(64, 77)

2024-06-11 21:24:42:
(25, 43)
(26, 42)
(26, 43)
(27, 41)
(27, 42)
(28, 40)
(28, 41)
(29, 39)
(29, 40)
(30, 38)
(30, 39)
(31, 38)

2024-06-11 21:24:57:
(81, 61)
(81, 62)
(82, 62)
(82, 63)
(83, 63)
(83, 64)
(84, 64)

2024-06-11 21:25:12:
(33, 30)
(33, 31)
(33, 32)
(33, 33)
(34, 33)
(34, 34)
(34, 35)

2024-06-11 21:25:27:
(47, 38)
(48, 37)
(48, 38)
(49, 35)
(49, 36)
(49, 37)
(50, 34)
(50, 35)
(51, 34)

2024-06-11 21:25:42:
(59, 46)
(60, 44)
(60, 45)
(60, 46)
(61, 43)
(61, 44)
(62, 41)
(62, 42)
(62, 43)
(63, 40)
(63, 41)

2024-06-11 21:25:57:
(55, 53)
(55, 54)
(56, 52)
(56, 53)
(57, 50)
(57, 51)
(57, 52)
(58, 48)
(58, 49)
(58, 50)
(59, 47)
(59, 48)

2024-06-11 21:26:12:
(72, 61)
(73, 56)
(73, 57)
(73, 58)
(73, 59)
(73, 60)
(73, 61)
(74, 55)
(74, 56)

2024-06-11 21:26:27:
(77, 37)
(77, 38)
(77, 39)
(78, 35)
(78, 36)
(78, 37)

2024-06-11 21:26:42:
(69, 74)
(70, 70)
(70, 71)
(70, 72)
(70, 73)
(70, 74)
(71, 69)
(71, 70)

2024-06-11 21:26:57:
(74, 87)
(74, 88)
(74, 89)
(74, 90)
(75, 87)

2024-06-11 21:27:12:
(73, 64)
(73, 65)
(73, 66)
(73, 67)
(73, 68)
(74, 68)
(74, 69)
(74, 70)

2024-06-11 21:27:27:
(75, 57)
(75, 58)
(75, 59)
(75, 60)
(75, 61)
(75, 62)
(76, 56)
(76, 57)

2024-06-11 21:27:42:
(74, 64)
(74, 65)
(74, 66)
(74, 67)
(74, 68)
(75, 62)
(75, 63)
(75, 64)

2024-06-11 21:27:57:
(54, 53)
(54, 54)
(54, 55)
(55, 55)
(55, 56)
(55, 57)
(55, 58)
(56, 58)
(56, 59)
(56, 60)
(56, 61)
(57, 61)

2024-06-11 21:28:12:
(52, 44)
(52, 45)
(52, 46)
(53, 46)
(53, 47)
(53, 48)
(53, 49)
(53, 50)
(54, 50)
(54, 51)
(54, 52)

2024-06-11 21:28:27:
(73, 81)
(73, 82)
(73, 83)
(74, 77)
(74, 78)
(74, 79)
(74, 80)
(74, 81)

2024-06-11 21:28:42:
(56, 34)
(56, 35)
(57, 35)
(57, 36)
(57, 37)
(57, 38)
(57, 39)
(58, 39)
(58, 40)

2024-06-11 21:28:57:
(71, 74)
(71, 75)
(71, 76)
(71, 77)
(71, 78)
(71, 79)
(72, 79)

2024-06-11 21:29:12:
(62, 78)
(63, 78)
(63, 79)
(63, 80)
(63, 81)
(64, 81)
(64, 82)
(64, 83)

2024-06-11 21:29:27:
(76, 56)
(76, 57)
(76, 58)
(76, 59)
(76, 60)
(76, 61)

2024-06-11 21:29:42:
(66, 89)
(67, 89)
(67, 90)
(67, 91)
(67, 92)
(68, 92)
(68, 93)

2024-06-11 21:29:57:
(67, 39)
(68, 39)
(68, 40)
(69, 40)
(69, 41)
(70, 41)
(70, 42)
(70, 43)
(71, 43)

2024-06-11 21:30:12:
(57, 35)
(57, 36)
(57, 37)
(57, 38)
(57, 39)
(58, 39)

2024-06-11 21:30:27:
(77, 67)
(77, 68)
(77, 69)
(77, 70)
(77, 71)
(77, 72)

2024-06-11 21:30:42:
(40, 31)
(41, 30)
(41, 31)
(42, 29)
(42, 30)
(43, 28)
(43, 29)
(44, 28)
(45, 27)
(45, 28)

2024-06-11 21:30:57:
(75, 50)
(75, 51)
(75, 52)
(75, 53)
(75, 54)
(75, 55)
(75, 56)

2024-06-11 21:31:12:
(61, 25)
(62, 24)
(62, 25)
(63, 23)
(63, 24)
(64, 23)

2024-06-11 21:31:27:
(75, 63)
(75, 64)
(75, 65)
(75, 66)
(75, 67)
(75, 68)
(75, 69)

2024-06-11 21:31:42:
(70, 34)
(70, 35)
(70, 36)
(71, 36)
(71, 37)
(71, 38)
(71, 39)

2024-06-11 21:31:57:
(49, 37)
(50, 36)
(50, 37)
(51, 34)
(51, 35)
(51, 36)
(52, 33)
(52, 34)
(53, 33)

2024-06-11 21:32:12:
(72, 46)
(72, 47)
(72, 48)
(72, 49)
(72, 50)
(73, 50)
(73, 51)
(73, 52)

2024-06-11 21:32:27:
(51, 52)
(51, 53)
(52, 50)
(52, 51)
(52, 52)
(53, 48)
(53, 49)
(53, 50)
(54, 47)
(54, 48)
(55, 46)
(55, 47)

2024-06-11 21:32:42:
(21, 51)
(21, 52)
(22, 52)
(22, 53)
(22, 54)
(22, 55)
(23, 55)
(23, 56)
(23, 57)
(24, 57)

2024-06-11 21:32:57:
(74, 65)
(74, 66)
(74, 67)
(74, 68)
(74, 69)
(74, 70)
(74, 71)
(74, 72)

2024-06-11 21:33:12:
(74, 70)
(74, 71)
(74, 72)
(75, 67)
(75, 68)
(75, 69)
(75, 70)

2024-06-11 21:33:27:
(69, 50)
(69, 51)
(70, 51)
(70, 52)
(70, 53)
(70, 54)
(70, 55)
(70, 56)
(70, 57)

2024-06-11 21:33:42:
(69, 80)
(70, 75)
(70, 76)
(70, 77)
(70, 78)
(70, 79)
(70, 80)
(71, 74)
(71, 75)

2024-06-11 21:33:57:
(68, 83)
(68, 84)
(68, 85)
(69, 80)
(69, 81)
(69, 82)
(69, 83)

2024-06-11 21:34:12:
(62, 37)
(62, 38)
(62, 39)
(62, 40)
(62, 41)
(63, 41)
(63, 42)
(63, 43)

2024-06-11 21:34:27:
(77, 58)
(77, 59)
(77, 60)
(77, 61)
(77, 62)
(77, 63)
(77, 64)

2024-06-11 21:34:42:
(40, 75)
(41, 74)
(41, 75)
(42, 74)
(43, 73)
(43, 74)
(44, 73)
(45, 72)
(45, 73)
(46, 72)

2024-06-11 21:34:57:
(76, 71)
(76, 72)
(76, 73)
(76, 74)
(76, 75)
(76, 76)

2024-06-11 21:35:12:
(74, 72)
(74, 73)
(74, 74)
(74, 75)
(74, 76)
(75, 69)
(75, 70)
(75, 71)
(75, 72)

2024-06-11 21:35:27:
(49, 33)
(49, 34)
(49, 35)
(49, 36)
(50, 36)
(50, 37)
(50, 38)
(50, 39)
(50, 40)

2024-06-11 21:35:42:
(51, 40)
(51, 41)
(51, 42)
(51, 43)
(51, 44)
(52, 44)
(52, 45)
(52, 46)
(52, 47)

2024-06-11 21:35:57:
(77, 65)
(77, 66)
(77, 67)
(77, 68)
(77, 69)
(77, 70)

2024-06-11 21:36:12:
(75, 44)
(75, 45)
(75, 46)
(76, 46)
(76, 47)
(76, 48)
(76, 49)

2024-06-11 21:36:27:
(76, 50)
(76, 51)
(76, 52)
(76, 53)
(76, 54)
(76, 55)

2024-06-11 21:36:42:
(76, 56)
(76, 57)
(76, 58)
(76, 59)
(76, 60)
(76, 61)
(76, 62)

2024-06-11 21:36:57:
(76, 62)
(76, 63)
(76, 64)
(76, 65)
(76, 66)
(76, 67)
(76, 68)

2024-06-11 21:37:12:
(75, 51)
(75, 52)
(75, 53)
(75, 54)
(75, 55)
(75, 56)
(76, 50)
(76, 51)

2024-06-11 21:37:27:
(69, 64)
(69, 65)
(69, 66)
(70, 61)
(70, 62)
(70, 63)
(70, 64)
(71, 60)
(71, 61)

2024-06-11 21:37:42:
(51, 39)
(51, 40)
(52, 38)
(52, 39)
(53, 37)
(53, 38)
(54, 36)
(54, 37)
(55, 35)
(55, 36)

2024-06-11 21:37:57:
(76, 83)
(76, 84)
(76, 85)
(77, 79)
(77, 80)
(77, 81)
(77, 82)
(77, 83)

2024-06-11 21:38:12:
(34, 40)
(35, 39)
(35, 40)
(36, 38)
(36, 39)
(37, 37)
(37, 38)
(38, 36)
(38, 37)
(39, 35)
(39, 36)
(40, 35)

2024-06-11 21:38:27:
(77, 51)
(77, 52)
(77, 53)
(77, 54)
(77, 55)
(77, 56)
(77, 57)

2024-06-11 21:38:42:
(23, 54)
(24, 52)
(24, 53)
(24, 54)
(25, 51)
(25, 52)
(26, 49)
(26, 50)
(26, 51)
(27, 48)
(27, 49)
(28, 47)
(28, 48)

2024-06-11 21:38:57:
(73, 73)
(73, 74)
(73, 75)
(73, 76)
(73, 77)
(73, 78)
(74, 72)
(74, 73)

2024-06-11 21:39:12:
(70, 52)
(70, 53)
(70, 54)
(71, 54)
(71, 55)
(71, 56)
(71, 57)
(71, 58)
(71, 59)

2024-06-11 21:39:27:
(76, 52)
(76, 53)
(76, 54)
(77, 49)
(77, 50)
(77, 51)
(77, 52)

2024-06-11 21:39:42:
(72, 66)
(72, 67)
(72, 68)
(72, 69)
(72, 70)
(72, 71)
(73, 71)
(73, 72)

2024-06-11 21:39:57:
(45, 51)
(45, 52)
(46, 49)
(46, 50)
(46, 51)
(47, 48)
(47, 49)
(48, 46)
(48, 47)
(48, 48)
(49, 45)
(49, 46)
(50, 45)

2024-06-11 21:40:12:
(56, 58)
(57, 57)
(57, 58)
(58, 57)
(59, 56)
(59, 57)
(60, 56)
(61, 56)

2024-06-11 21:40:27:
(67, 57)
(67, 58)
(67, 59)
(67, 60)
(67, 61)
(68, 61)
(68, 62)
(68, 63)

2024-06-11 21:40:42:
(50, 27)
(50, 28)
(51, 28)
(51, 29)
(51, 30)
(51, 31)
(51, 32)

2024-06-11 21:40:57:
(69, 72)
(69, 73)
(70, 69)
(70, 70)
(70, 71)
(70, 72)
(71, 66)
(71, 67)
(71, 68)
(71, 69)

2024-06-11 21:41:12:
(68, 47)
(68, 48)
(68, 49)
(69, 44)
(69, 45)
(69, 46)
(69, 47)
(70, 44)

2024-06-11 21:41:27:
(44, 86)
(44, 87)
(44, 88)
(45, 84)
(45, 85)
(45, 86)
(46, 82)
(46, 83)
(46, 84)

2024-06-11 21:41:42:
(63, 91)
(63, 92)
(63, 93)
(64, 89)
(64, 90)
(64, 91)
(65, 88)
(65, 89)

2024-06-11 21:41:57:
(72, 70)
(73, 65)
(73, 66)
(73, 67)
(73, 68)
(73, 69)
(73, 70)
(74, 63)
(74, 64)
(74, 65)

2024-06-11 21:42:12:
(67, 89)
(68, 86)
(68, 87)
(68, 88)
(68, 89)
(68, 90)
(69, 84)
(69, 85)
(69, 86)

2024-06-11 21:42:27:
(62, 78)
(62, 79)
(62, 80)
(63, 75)
(63, 76)
(63, 77)
(63, 78)
(64, 74)
(64, 75)

2024-06-11 21:42:42:
(64, 60)
(64, 61)
(64, 62)
(64, 63)
(64, 64)
(65, 64)
(65, 65)
(65, 66)
(65, 67)

2024-06-11 21:42:57:
(48, 29)
(49, 29)
(50, 28)

2024-06-11 21:43:12:
(55, 69)
(56, 69)
(56, 70)
(56, 71)
(56, 72)
(57, 72)
(57, 73)
(57, 74)
(57, 75)
(58, 75)

