2024-06-21 18:42:57:
(57, 39)
(58, 39)
(58, 40)
(59, 40)
(60, 40)
(60, 41)
(61, 41)
(61, 42)
(62, 42)
(63, 42)
(63, 43)

2024-06-21 18:43:12:
(72, 75)
(72, 76)
(73, 71)
(73, 72)
(73, 73)
(73, 74)
(73, 75)
(74, 69)
(74, 70)
(74, 71)

2024-06-21 18:43:27:
(57, 58)
(57, 59)
(58, 59)
(58, 60)
(58, 61)
(58, 62)
(58, 63)
(59, 63)
(59, 64)
(59, 65)

2024-06-21 18:43:42:
(75, 83)
(76, 78)
(76, 79)
(76, 80)
(76, 81)
(76, 82)
(76, 83)

2024-06-21 18:43:57:
(67, 59)
(68, 59)
(68, 60)
(68, 61)
(68, 62)
(68, 63)
(68, 64)
(68, 65)

2024-06-21 18:44:12:
(76, 55)
(76, 56)
(76, 57)
(76, 58)
(76, 59)
(76, 60)

2024-06-21 18:44:27:
(74, 54)
(74, 55)
(74, 56)
(74, 57)
(75, 51)
(75, 52)
(75, 53)
(75, 54)

2024-06-21 18:44:42:
(61, 59)
(61, 60)
(62, 56)
(62, 57)
(62, 58)
(62, 59)
(63, 54)
(63, 55)
(63, 56)

2024-06-21 18:44:57:
(65, 21)
(65, 22)
(66, 22)
(66, 23)
(66, 24)
(66, 25)

2024-06-21 18:45:12:
(75, 79)
(75, 80)
(75, 81)
(75, 82)
(75, 83)
(75, 84)

2024-06-21 18:45:27:
(75, 60)
(75, 61)
(75, 62)
(75, 63)
(75, 64)
(75, 65)
(75, 66)

2024-06-21 18:45:42:
(46, 39)
(46, 40)
(47, 40)
(47, 41)
(47, 42)
(47, 43)
(47, 44)
(48, 44)
(48, 45)
(48, 46)

2024-06-21 18:45:57:
(49, 32)
(50, 32)
(51, 32)
(51, 33)
(52, 33)
(53, 33)
(53, 34)
(54, 34)
(55, 34)
(55, 35)

2024-06-21 18:46:12:
(43, 29)
(44, 29)
(45, 29)
(45, 30)
(46, 30)
(47, 30)
(47, 31)
(48, 31)
(49, 31)
(49, 32)

2024-06-21 18:46:27:
(37, 26)
(38, 26)
(38, 27)
(39, 27)
(40, 27)
(40, 28)
(41, 28)
(42, 28)

2024-06-21 18:46:42:
(48, 84)
(48, 85)
(48, 86)
(49, 82)
(49, 83)
(49, 84)
(50, 79)
(50, 80)
(50, 81)
(50, 82)

2024-06-21 18:46:57:
(76, 62)
(76, 63)
(76, 64)
(76, 65)
(76, 66)
(77, 66)
(77, 67)
(77, 68)

2024-06-21 18:47:12:
(72, 83)
(73, 82)
(73, 83)
(74, 81)
(74, 82)
(75, 80)
(75, 81)
(76, 79)
(76, 80)

2024-06-21 18:47:27:
(65, 47)
(65, 48)
(65, 49)
(65, 50)
(65, 51)
(66, 51)
(66, 52)
(66, 53)
(66, 54)

2024-06-21 18:47:42:
(75, 73)
(75, 74)
(75, 75)
(75, 76)
(75, 77)
(76, 72)
(76, 73)

2024-06-21 18:47:57:
(62, 23)
(63, 23)
(63, 24)
(63, 25)
(63, 26)

2024-06-21 18:48:12:
(69, 69)
(69, 70)
(69, 71)
(69, 72)
(69, 73)
(70, 73)
(70, 74)
(70, 75)

2024-06-21 18:48:27:

2024-06-21 18:48:42:
(65, 37)
(65, 38)
(66, 38)
(66, 39)
(66, 40)
(66, 41)
(66, 42)
(66, 43)

2024-06-21 18:48:57:
(40, 24)
(41, 24)
(41, 25)
(41, 26)
(41, 27)
(41, 28)
(41, 29)

2024-06-21 18:49:12:
(41, 29)
(41, 30)
(42, 30)
(42, 31)
(42, 32)
(42, 33)
(42, 34)
(43, 34)
(43, 35)

2024-06-21 18:49:27:
(56, 55)
(56, 56)
(57, 56)
(57, 57)
(58, 57)
(58, 58)
(59, 58)
(59, 59)
(60, 59)
(61, 59)
(61, 60)

2024-06-21 18:49:42:
(74, 50)
(75, 45)
(75, 46)
(75, 47)
(75, 48)
(75, 49)
(75, 50)

2024-06-21 18:49:57:
(64, 46)
(64, 47)
(65, 44)
(65, 45)
(65, 46)
(66, 42)
(66, 43)
(66, 44)
(67, 42)

2024-06-21 18:50:12:
(61, 53)
(62, 50)
(62, 51)
(62, 52)
(62, 53)
(63, 48)
(63, 49)
(63, 50)
(64, 47)
(64, 48)

2024-06-21 18:50:27:
(71, 67)
(71, 68)
(72, 68)
(73, 68)
(73, 69)
(74, 69)
(74, 70)
(75, 70)

2024-06-21 18:50:42:
(61, 61)
(61, 62)
(62, 59)
(62, 60)
(62, 61)
(63, 56)
(63, 57)
(63, 58)
(63, 59)
(64, 55)
(64, 56)

2024-06-21 18:50:57:
(63, 97)
(64, 94)
(64, 95)
(64, 96)
(64, 97)
(65, 92)
(65, 93)
(65, 94)

2024-06-21 18:51:12:
(66, 73)
(66, 74)
(67, 74)
(67, 75)
(67, 76)
(67, 77)
(67, 78)
(67, 79)

2024-06-21 18:51:27:
(68, 79)
(68, 80)
(68, 81)
(68, 82)
(68, 83)
(69, 83)
(69, 84)

2024-06-21 18:51:42:
(55, 43)
(55, 44)
(56, 42)
(56, 43)
(57, 40)
(57, 41)
(57, 42)
(58, 39)
(58, 40)

2024-06-21 18:51:57:
(72, 74)
(72, 75)
(72, 76)
(73, 70)
(73, 71)
(73, 72)
(73, 73)
(73, 74)

2024-06-21 18:52:12:
(73, 60)
(73, 61)
(73, 62)
(73, 63)
(73, 64)
(73, 65)
(73, 66)

2024-06-21 18:52:27:
(74, 66)
(74, 67)
(74, 68)
(74, 69)
(74, 70)
(74, 71)
(74, 72)

2024-06-21 18:52:42:
(57, 94)
(57, 95)
(58, 95)
(58, 96)
(59, 96)
(59, 97)
(60, 97)

2024-06-21 18:52:57:
(63, 98)
(64, 97)
(64, 98)
(65, 97)
(66, 97)
(66, 98)
(67, 98)

2024-06-21 18:53:12:
(59, 55)
(59, 56)
(60, 53)
(60, 54)
(60, 55)
(61, 51)
(61, 52)
(61, 53)
(62, 50)
(62, 51)

2024-06-21 18:53:27:
(55, 28)
(55, 29)
(55, 30)
(56, 30)
(56, 31)
(56, 32)
(56, 33)

2024-06-21 18:53:42:
(56, 33)
(56, 34)
(57, 34)
(57, 35)
(57, 36)
(57, 37)
(57, 38)
(58, 38)
(58, 39)

2024-06-21 18:53:57:
(77, 62)
(77, 63)
(77, 64)
(77, 65)
(77, 66)
(77, 67)
(77, 68)

2024-06-21 18:54:12:
(74, 69)
(74, 70)
(74, 71)
(74, 72)
(74, 73)
(74, 74)

2024-06-21 18:54:27:
(74, 67)
(74, 68)
(74, 69)
(74, 70)
(74, 71)
(74, 72)
(75, 66)
(75, 67)

2024-06-21 18:54:42:
(73, 73)
(73, 74)
(73, 75)
(73, 76)
(73, 77)
(73, 78)
(74, 72)
(74, 73)

2024-06-21 18:54:57:
(71, 78)
(71, 79)
(72, 73)
(72, 74)
(72, 75)
(72, 76)
(72, 77)
(72, 78)

2024-06-21 18:55:12:
(70, 83)
(70, 84)
(70, 85)
(71, 80)
(71, 81)
(71, 82)

2024-06-21 18:55:27:
(72, 64)
(72, 65)
(72, 66)
(72, 67)
(72, 68)
(73, 61)
(73, 62)
(73, 63)
(73, 64)

2024-06-21 18:55:42:
(70, 72)
(70, 73)
(70, 74)
(70, 75)
(71, 68)
(71, 69)
(71, 70)
(71, 71)
(71, 72)
(72, 68)

2024-06-21 18:55:57:
(66, 58)
(66, 59)
(66, 60)
(66, 61)
(67, 56)
(67, 57)
(67, 58)
(68, 55)
(68, 56)

2024-06-21 18:56:12:
(34, 90)
(35, 90)
(35, 91)
(36, 91)
(36, 92)
(37, 92)
(37, 93)
(38, 93)
(38, 94)
(39, 94)

2024-06-21 18:56:27:
(74, 54)
(74, 55)
(75, 50)
(75, 51)
(75, 52)
(75, 53)
(75, 54)
(76, 49)
(76, 50)

2024-06-21 18:56:42:
(59, 79)
(59, 80)
(59, 81)
(59, 82)
(60, 76)
(60, 77)
(60, 78)
(60, 79)
(61, 76)

2024-06-21 18:56:57:
(70, 69)
(70, 70)
(70, 71)
(71, 66)
(71, 67)
(71, 68)
(71, 69)
(72, 63)
(72, 64)
(72, 65)
(72, 66)

2024-06-21 18:57:12:
(56, 52)
(56, 53)
(56, 54)
(57, 54)
(57, 55)
(57, 56)
(57, 57)
(57, 58)
(58, 58)
(58, 59)

2024-06-21 18:57:27:
(48, 47)
(48, 48)
(49, 46)
(49, 47)
(50, 45)
(50, 46)
(51, 44)
(51, 45)
(52, 42)
(52, 43)
(52, 44)

2024-06-21 18:57:42:
(65, 46)
(66, 46)
(66, 47)
(67, 47)
(67, 48)
(68, 48)
(68, 49)
(69, 49)
(69, 50)
(70, 50)

2024-06-21 18:57:57:
(70, 51)
(71, 51)
(71, 52)
(72, 52)
(72, 53)
(73, 53)
(73, 54)
(74, 54)
(74, 55)

2024-06-21 18:58:12:
(59, 81)
(59, 82)
(59, 83)
(59, 84)
(60, 78)
(60, 79)
(60, 80)
(60, 81)
(61, 78)

2024-06-21 18:58:27:
(61, 46)
(61, 47)
(62, 44)
(62, 45)
(62, 46)
(63, 42)
(63, 43)
(63, 44)

2024-06-21 18:58:42:
(69, 53)
(69, 54)
(69, 55)
(70, 55)
(70, 56)
(70, 57)
(70, 58)
(70, 59)

2024-06-21 18:58:57:
(73, 92)
(73, 93)
(74, 88)
(74, 89)
(74, 90)
(74, 91)
(74, 92)
(75, 88)
(75, 89)

2024-06-21 18:59:12:
(59, 33)
(59, 34)
(59, 35)
(59, 36)
(60, 36)
(60, 37)
(60, 38)
(60, 39)

2024-06-21 18:59:27:
(68, 45)
(69, 42)
(69, 43)
(69, 44)
(69, 45)
(70, 41)
(70, 42)

2024-06-21 18:59:42:
(74, 54)
(74, 55)
(75, 55)
(75, 56)
(76, 56)
(76, 57)
(77, 57)
(77, 58)

2024-06-21 18:59:57:
(47, 22)
(47, 23)
(47, 24)
(47, 25)
(48, 25)
(48, 26)

2024-06-21 19:00:12:
(48, 27)
(48, 28)
(48, 29)
(48, 30)
(49, 30)
(49, 31)
(49, 32)

2024-06-21 19:00:27:
(78, 61)
(78, 62)
(78, 63)
(78, 64)
(78, 65)
(78, 66)
(78, 67)

2024-06-21 19:00:42:
(68, 75)
(68, 76)
(68, 77)
(68, 78)
(69, 78)
(69, 79)
(69, 80)

2024-06-21 19:00:57:
(78, 61)
(78, 62)
(78, 63)
(78, 64)
(78, 65)
(78, 66)
(78, 67)

2024-06-21 19:01:12:
(70, 29)
(70, 30)
(71, 30)
(71, 31)
(72, 31)
(72, 32)
(73, 32)
(73, 33)
(74, 33)

2024-06-21 19:01:27:
(65, 49)
(65, 50)
(65, 51)
(66, 51)
(66, 52)
(66, 53)
(66, 54)
(66, 55)

2024-06-21 19:01:42:
(36, 38)
(37, 37)
(37, 38)
(38, 36)
(38, 37)
(39, 35)
(39, 36)
(40, 34)
(40, 35)
(41, 33)
(41, 34)

2024-06-21 19:01:57:
(67, 50)
(68, 50)
(68, 51)
(69, 51)
(69, 52)
(70, 52)
(70, 53)
(71, 53)
(71, 54)

2024-06-21 19:02:12:
(77, 90)
(77, 91)
(77, 92)
(77, 93)
(77, 94)

2024-06-21 19:02:27:
(55, 34)
(55, 35)
(56, 33)
(56, 34)
(57, 32)
(57, 33)
(58, 31)
(58, 32)

2024-06-21 19:02:42:
(79, 62)
(79, 63)
(80, 63)
(80, 64)
(81, 64)
(81, 65)

2024-06-21 19:02:57:
(29, 32)
(29, 33)
(30, 33)
(30, 34)
(30, 35)
(30, 36)
(30, 37)
(30, 38)

2024-06-21 19:03:12:
(76, 48)
(76, 49)
(77, 44)
(77, 45)
(77, 46)
(77, 47)
(77, 48)

2024-06-21 19:03:27:
(45, 37)
(45, 38)
(45, 39)
(45, 40)
(45, 41)
(46, 41)
(46, 42)
(46, 43)
(46, 44)

2024-06-21 19:03:42:
(75, 56)
(75, 57)
(75, 58)
(75, 59)
(75, 60)
(75, 61)

2024-06-21 19:03:57:
(71, 54)
(71, 55)
(71, 56)
(71, 57)
(72, 51)
(72, 52)
(72, 53)
(72, 54)

2024-06-21 19:04:12:
(65, 77)
(65, 78)
(65, 79)
(66, 74)
(66, 75)
(66, 76)
(66, 77)
(67, 72)
(67, 73)
(67, 74)

2024-06-21 19:04:27:
(54, 68)
(54, 69)
(55, 69)
(55, 70)
(55, 71)
(55, 72)
(56, 72)
(56, 73)
(56, 74)
(56, 75)
(57, 75)

2024-06-21 19:04:42:
(47, 66)
(47, 67)
(48, 64)
(48, 65)
(48, 66)
(49, 62)
(49, 63)
(49, 64)
(50, 60)
(50, 61)
(50, 62)
(51, 60)

2024-06-21 19:04:57:
(59, 81)
(59, 82)
(60, 82)
(60, 83)
(60, 84)
(61, 84)
(61, 85)
(61, 86)

2024-06-21 19:05:12:
(64, 46)
(64, 47)
(64, 48)
(64, 49)
(65, 49)
(65, 50)
(65, 51)
(65, 52)

2024-06-21 19:05:27:
(62, 55)
(62, 56)
(63, 52)
(63, 53)
(63, 54)
(63, 55)
(64, 50)
(64, 51)
(64, 52)

2024-06-21 19:05:42:
(51, 43)
(51, 44)
(52, 41)
(52, 42)
(52, 43)
(53, 40)
(53, 41)
(54, 39)
(54, 40)

2024-06-21 19:05:57:
(46, 50)
(47, 48)
(47, 49)
(47, 50)
(48, 47)
(48, 48)
(49, 45)
(49, 46)
(49, 47)
(50, 45)

2024-06-21 19:06:27:
(70, 52)
(71, 48)
(71, 49)
(71, 50)
(71, 51)
(71, 52)
(72, 47)
(72, 48)

2024-06-21 19:06:42:
(58, 54)
(58, 55)
(58, 56)
(58, 57)
(59, 57)
(59, 58)
(59, 59)
(59, 60)
(60, 60)
(60, 61)

2024-06-21 19:06:57:
(59, 48)
(59, 49)
(60, 46)
(60, 47)
(60, 48)
(61, 44)
(61, 45)
(61, 46)
(62, 44)

2024-06-21 19:07:27:
(43, 41)
(43, 42)
(43, 43)
(44, 43)
(44, 44)
(44, 45)
(44, 46)
(45, 46)
(45, 47)

2024-06-21 19:07:42:
(78, 54)
(78, 55)
(78, 56)
(78, 57)
(78, 58)
(78, 59)

2024-06-21 19:07:57:
(33, 86)
(33, 87)
(34, 83)
(34, 84)
(34, 85)
(34, 86)
(35, 81)
(35, 82)
(35, 83)
(36, 81)

2024-06-21 19:08:12:
(65, 52)
(65, 53)
(66, 49)
(66, 50)
(66, 51)
(66, 52)
(67, 47)
(67, 48)
(67, 49)

2024-06-21 19:08:42:
(78, 80)
(78, 81)
(78, 82)
(78, 83)
(78, 84)

2024-06-21 19:08:57:
(76, 51)
(76, 52)
(76, 53)
(76, 54)
(76, 55)
(76, 56)
(77, 51)

2024-06-21 19:09:27:
(63, 81)
(64, 78)
(64, 79)
(64, 80)
(64, 81)
(65, 75)
(65, 76)
(65, 77)
(65, 78)
(66, 74)
(66, 75)

2024-06-21 19:09:42:
(53, 48)
(53, 49)
(53, 50)
(54, 47)
(54, 48)
(55, 45)
(55, 46)
(55, 47)
(56, 44)
(56, 45)

2024-06-21 19:10:12:
(48, 98)

2024-06-21 19:10:27:
(62, 80)
(62, 81)
(62, 82)
(63, 77)
(63, 78)
(63, 79)
(63, 80)

2024-06-21 19:10:42:
(65, 45)
(66, 45)
(66, 46)
(66, 47)
(66, 48)
(66, 49)
(66, 50)
(67, 50)
(67, 51)

2024-06-21 19:10:57:
(60, 54)
(61, 51)
(61, 52)
(61, 53)
(61, 54)
(62, 49)
(62, 50)
(62, 51)
(63, 49)

2024-06-21 19:11:12:
(68, 59)
(68, 60)
(68, 61)
(69, 61)
(69, 62)
(69, 63)
(69, 64)
(69, 65)

2024-06-21 19:11:27:
(73, 55)
(73, 56)
(73, 57)
(73, 58)
(73, 59)
(73, 60)

2024-06-21 19:11:42:
(69, 37)
(69, 38)
(70, 35)
(70, 36)
(70, 37)

2024-06-21 19:11:57:
(57, 89)
(57, 90)
(58, 90)
(58, 91)
(58, 92)
(59, 92)
(59, 93)

2024-06-21 19:12:12:
(74, 62)
(74, 63)
(74, 64)
(75, 59)
(75, 60)
(75, 61)
(75, 62)

2024-06-21 19:12:27:
(73, 69)
(73, 70)
(73, 71)
(74, 65)
(74, 66)
(74, 67)
(74, 68)
(74, 69)

2024-06-21 19:12:57:
(52, 20)
(52, 21)
(53, 21)
(53, 22)
(54, 22)
(55, 22)
(55, 23)
(56, 23)

2024-06-21 19:13:27:
(60, 28)
(61, 28)
(61, 29)
(62, 29)
(62, 30)
(63, 30)
(63, 31)
(64, 31)

2024-06-21 19:13:42:
(66, 59)
(67, 59)
(68, 56)
(68, 57)

2024-06-21 19:14:12:
(76, 57)
(76, 58)
(76, 59)
(76, 60)
(76, 61)
(76, 62)
(76, 63)

2024-06-21 19:14:27:
(50, 34)
(51, 34)
(51, 35)
(51, 36)
(51, 37)
(51, 38)
(52, 38)
(52, 39)

2024-06-21 19:14:42:
(52, 41)
(52, 42)
(53, 42)
(53, 43)
(53, 44)
(53, 45)
(53, 46)
(54, 46)
(54, 47)

2024-06-21 19:14:57:
(50, 30)
(51, 29)
(51, 30)
(52, 28)
(52, 29)
(53, 27)
(53, 28)

2024-06-21 19:15:12:
(44, 35)
(45, 34)
(45, 35)
(46, 33)
(46, 34)
(47, 32)
(47, 33)
(48, 31)
(48, 32)
(49, 31)

2024-06-21 19:15:27:
(38, 31)
(38, 32)
(39, 30)
(39, 31)
(40, 29)
(40, 30)
(41, 29)
(42, 28)
(42, 29)
(43, 28)

2024-06-21 19:15:42:
(62, 74)
(62, 75)
(63, 71)
(63, 72)
(63, 73)
(63, 74)
(64, 68)
(64, 69)
(64, 70)
(64, 71)

2024-06-21 19:15:57:
(60, 80)
(60, 81)
(60, 82)
(61, 77)
(61, 78)
(61, 79)
(61, 80)
(62, 75)
(62, 76)
(62, 77)

2024-06-21 19:16:12:
(43, 52)
(43, 53)
(43, 54)
(44, 54)
(44, 55)
(44, 56)
(45, 56)
(45, 57)
(45, 58)
(45, 59)
(46, 59)
(46, 60)

2024-06-21 19:16:27:
(72, 46)
(72, 47)
(72, 48)
(73, 48)
(73, 49)
(73, 50)
(73, 51)
(73, 52)

2024-06-21 19:16:42:
(58, 74)
(59, 74)
(60, 74)
(60, 75)
(61, 75)
(62, 75)

2024-06-21 19:16:57:
(52, 75)
(52, 76)
(53, 76)
(53, 77)
(53, 78)
(54, 78)
(54, 79)
(54, 80)
(55, 80)
(55, 81)

2024-06-21 19:17:12:
(77, 59)
(77, 60)
(77, 61)
(77, 62)
(77, 63)
(78, 57)
(78, 58)
(78, 59)

2024-06-21 19:17:27:
(58, 87)
(58, 88)
(59, 88)
(59, 89)
(59, 90)
(60, 90)
(60, 91)

2024-06-21 19:17:42:
(77, 40)
(77, 41)
(77, 42)
(77, 43)
(77, 44)

2024-06-21 19:17:57:
(63, 62)
(63, 63)
(63, 64)
(64, 59)
(64, 60)
(64, 61)
(64, 62)
(65, 57)
(65, 58)
(65, 59)

2024-06-21 19:18:12:
(48, 32)
(48, 33)
(48, 34)
(49, 34)
(49, 35)
(49, 36)
(49, 37)
(49, 38)
(50, 38)

2024-06-21 19:18:27:
(53, 87)
(53, 88)
(53, 89)
(54, 85)
(54, 86)
(54, 87)
(55, 82)
(55, 83)
(55, 84)
(55, 85)

2024-06-21 19:18:42:
(77, 60)
(77, 61)
(78, 55)
(78, 56)
(78, 57)
(78, 58)
(78, 59)
(78, 60)

2024-06-21 19:18:57:
(31, 74)
(31, 75)
(32, 74)
(33, 73)

2024-06-21 19:19:12:
(64, 46)
(64, 47)
(64, 48)
(64, 49)
(64, 50)
(64, 51)
(65, 51)
(65, 52)
(65, 53)

2024-06-21 19:19:27:
(61, 24)
(62, 24)
(62, 25)
(63, 25)
(63, 26)
(64, 26)
(65, 27)

2024-06-21 19:19:42:
(69, 95)
(69, 96)
(69, 97)
(69, 98)
(70, 93)
(70, 94)
(70, 95)

2024-06-21 19:19:57:
(68, 68)
(68, 69)
(68, 70)
(68, 71)
(68, 72)
(69, 73)
(69, 74)

2024-06-21 19:20:12:
(73, 61)
(74, 56)
(74, 57)
(74, 58)
(74, 59)
(74, 60)
(74, 61)
(75, 55)
(75, 56)

2024-06-21 19:20:27:
(72, 65)
(72, 66)
(72, 67)
(73, 61)
(73, 62)
(73, 63)
(73, 64)
(73, 65)

2024-06-21 19:20:42:
(66, 84)
(66, 85)
(67, 80)
(67, 81)
(67, 82)
(67, 83)
(67, 84)
(68, 79)
(68, 80)

2024-06-21 19:20:57:
(39, 48)
(39, 49)
(40, 46)
(40, 47)
(40, 48)
(41, 45)
(41, 46)
(42, 44)
(42, 45)
(43, 43)
(43, 44)
(44, 42)
(44, 43)

2024-06-21 19:21:12:
(33, 56)
(33, 57)
(34, 55)
(34, 56)
(35, 53)
(35, 54)
(35, 55)
(36, 52)
(36, 53)
(37, 50)
(37, 51)
(37, 52)
(38, 50)

2024-06-21 19:21:27:
(79, 60)
(79, 61)
(79, 62)
(79, 63)
(79, 64)
(79, 65)
(79, 66)
(79, 67)

2024-06-21 19:21:42:
(69, 44)
(69, 45)
(69, 46)
(69, 47)
(70, 47)
(70, 48)
(70, 49)
(70, 50)

2024-06-21 19:21:57:
(49, 31)
(50, 30)
(50, 31)
(51, 29)
(51, 30)
(52, 28)
(52, 29)
(53, 28)
(54, 28)

2024-06-21 19:22:12:
(44, 36)
(45, 35)
(45, 36)
(46, 34)
(46, 35)
(47, 33)
(47, 34)
(48, 32)
(48, 33)
(49, 31)
(49, 32)

2024-06-21 19:22:27:
(60, 31)
(60, 32)
(60, 33)
(60, 34)
(61, 34)
(61, 35)
(61, 36)
(61, 37)

2024-06-21 19:22:42:
(61, 37)
(61, 38)
(62, 38)
(62, 39)
(62, 40)
(62, 41)
(62, 42)
(63, 42)
(63, 43)

2024-06-21 19:22:57:
(66, 49)
(67, 46)
(67, 47)
(67, 48)
(67, 49)
(68, 44)
(68, 45)
(68, 46)
(69, 43)
(69, 44)

2024-06-21 19:23:12:
(73, 61)
(73, 62)
(74, 57)
(74, 58)
(74, 59)
(74, 60)
(74, 61)

2024-06-21 19:23:27:
(66, 58)
(66, 59)
(66, 60)
(66, 61)
(66, 62)
(67, 62)
(67, 63)
(67, 64)
(67, 65)

2024-06-21 19:23:42:
(49, 47)
(49, 48)
(49, 49)
(50, 46)
(50, 47)
(51, 44)
(51, 45)
(51, 46)
(52, 43)
(52, 44)
(53, 43)

2024-06-21 19:23:57:
(53, 38)
(53, 39)
(53, 40)
(53, 41)
(54, 41)
(54, 42)
(54, 43)
(54, 44)

2024-06-21 19:24:12:
(66, 46)
(66, 47)
(66, 48)
(67, 44)
(67, 45)
(67, 46)
(68, 42)
(68, 43)
(68, 44)

2024-06-21 19:24:27:
(63, 42)
(64, 40)
(64, 41)
(64, 42)
(65, 38)
(65, 39)
(65, 40)
(66, 37)
(66, 38)

2024-06-21 19:24:42:
(61, 46)
(61, 47)
(61, 48)
(62, 44)
(62, 45)
(62, 46)
(63, 42)
(63, 43)
(63, 44)

2024-06-21 19:24:57:
(35, 34)
(35, 35)
(36, 34)
(37, 33)
(37, 34)
(38, 32)
(38, 33)
(39, 31)
(39, 32)
(40, 31)
(41, 30)
(41, 31)

2024-06-21 19:25:12:
(68, 59)
(68, 60)
(68, 61)
(68, 62)
(68, 63)
(69, 63)
(69, 64)
(69, 65)
(69, 66)

2024-06-21 19:25:27:
(65, 80)
(65, 81)
(65, 82)
(65, 83)
(66, 77)
(66, 78)
(66, 79)
(66, 80)

2024-06-21 19:25:42:
(45, 96)
(45, 97)
(46, 94)
(46, 95)
(46, 96)
(47, 91)
(47, 92)
(47, 93)
(47, 94)
(48, 91)

2024-06-21 19:25:57:
(67, 48)
(67, 49)
(67, 50)
(67, 51)
(68, 46)
(68, 47)
(68, 48)
(69, 46)

2024-06-21 19:26:12:
(45, 32)
(46, 31)
(46, 32)
(47, 30)
(47, 31)
(48, 29)
(48, 30)
(49, 28)
(49, 29)

2024-06-21 19:26:27:
(34, 35)
(34, 36)
(35, 34)
(35, 35)
(36, 33)
(36, 34)
(37, 33)
(38, 32)
(38, 33)
(39, 31)
(39, 32)

2024-06-21 19:26:42:
(75, 63)
(75, 64)
(75, 65)
(75, 66)
(75, 67)
(75, 68)
(75, 69)

2024-06-21 19:26:57:
(65, 75)
(66, 75)
(66, 76)
(66, 77)
(66, 78)
(66, 79)
(67, 79)
(67, 80)
(67, 81)

2024-06-21 19:27:12:
(74, 66)
(74, 67)
(75, 61)
(75, 62)
(75, 63)
(75, 64)
(75, 65)
(75, 66)

2024-06-21 19:27:27:
(43, 31)
(43, 32)
(44, 30)
(44, 31)
(45, 30)
(46, 29)
(46, 30)
(47, 28)
(47, 29)
(48, 28)

2024-06-21 19:27:42:
(43, 43)
(44, 42)
(44, 43)
(45, 40)
(45, 41)
(45, 42)
(46, 39)
(46, 40)
(47, 38)
(47, 39)
(48, 38)

2024-06-21 19:27:57:
(38, 41)
(38, 42)
(39, 42)
(39, 43)
(40, 43)
(41, 43)
(41, 44)
(42, 44)
(42, 45)
(43, 45)
(43, 46)

2024-06-21 19:28:12:
(75, 46)
(75, 47)
(75, 48)
(75, 49)
(76, 44)
(76, 45)
(76, 46)

2024-06-21 19:28:27:
(50, 51)
(51, 51)
(51, 52)
(52, 52)
(52, 53)
(53, 53)
(53, 54)
(54, 54)
(55, 54)
(55, 55)
(56, 55)
(56, 56)

2024-06-21 19:28:42:
(56, 56)
(57, 56)
(57, 57)
(58, 57)
(58, 58)
(59, 58)
(60, 58)
(61, 59)
(61, 60)
(62, 60)

2024-06-21 19:28:57:
(51, 39)
(51, 40)
(52, 38)
(52, 39)
(53, 37)
(53, 38)
(54, 35)
(54, 36)
(54, 37)
(55, 35)

2024-06-21 19:29:12:
(46, 46)
(47, 44)
(47, 45)
(47, 46)
(48, 43)
(48, 44)
(49, 42)
(49, 43)
(50, 40)
(50, 41)
(50, 42)
(51, 40)

2024-06-21 19:29:27:
(73, 65)
(73, 66)
(73, 67)
(73, 68)
(73, 69)
(74, 69)
(74, 70)
(74, 71)

2024-06-21 19:29:42:
(57, 44)
(57, 45)
(57, 46)
(58, 46)
(58, 47)
(58, 48)
(58, 49)
(58, 50)
(59, 50)
(59, 51)

2024-06-21 19:29:57:
(68, 55)
(68, 56)
(68, 57)
(69, 52)
(69, 53)
(69, 54)
(69, 55)
(70, 51)
(70, 52)

2024-06-21 19:30:12:
(61, 59)
(61, 60)
(61, 61)
(61, 62)
(62, 62)
(62, 63)
(62, 64)
(62, 65)
(63, 65)
(63, 66)

2024-06-21 19:30:27:
(34, 32)
(35, 31)
(35, 32)
(36, 30)
(36, 31)
(37, 29)
(37, 30)
(38, 29)
(39, 28)
(39, 29)

2024-06-21 19:30:42:
(51, 86)
(52, 83)
(52, 84)
(52, 85)
(52, 86)
(53, 80)
(53, 81)
(53, 82)
(53, 83)
(54, 79)
(54, 80)

2024-06-21 19:30:57:
(58, 32)
(58, 33)
(58, 34)
(59, 34)
(59, 35)
(59, 36)
(59, 37)

2024-06-21 19:31:12:
(47, 96)
(47, 97)
(47, 98)
(48, 93)
(48, 94)
(48, 95)
(48, 96)
(49, 93)

2024-06-21 19:31:27:

2024-06-21 19:31:42:
(63, 52)
(63, 53)
(63, 54)
(63, 55)
(63, 56)
(63, 57)
(64, 57)
(64, 58)
(64, 59)

2024-06-21 19:31:57:
(37, 45)
(37, 46)
(38, 44)
(38, 45)
(39, 43)
(39, 44)
(40, 42)
(40, 43)
(41, 40)
(41, 41)
(41, 42)
(42, 40)

2024-06-21 19:32:12:
(76, 62)
(76, 63)
(76, 64)
(76, 65)
(76, 66)
(76, 67)
(76, 68)

2024-06-21 19:32:27:
(60, 34)
(60, 35)
(61, 33)
(61, 34)
(62, 32)
(62, 33)
(63, 32)

2024-06-21 19:32:42:
(71, 43)
(71, 44)
(71, 45)
(72, 45)
(72, 46)
(72, 47)
(72, 48)
(72, 49)

2024-06-21 19:32:57:
(52, 45)
(52, 46)
(53, 43)
(53, 44)
(53, 45)
(54, 42)
(54, 43)
(55, 41)
(55, 42)
(56, 40)
(56, 41)

2024-06-21 19:33:12:
(75, 45)
(75, 46)
(75, 47)
(75, 48)
(75, 49)
(75, 50)

2024-06-21 19:33:27:
(35, 35)
(35, 36)
(36, 34)
(36, 35)
(37, 33)
(37, 34)
(38, 33)
(39, 32)
(39, 33)
(40, 32)

2024-06-21 19:33:42:
(76, 64)
(76, 65)
(76, 66)
(76, 67)
(76, 68)
(76, 69)
(76, 70)

2024-06-21 19:33:57:
(78, 34)
(78, 35)
(78, 36)
(78, 37)
(78, 38)

2024-06-21 19:34:12:
(68, 50)
(68, 51)
(68, 52)
(68, 53)
(68, 54)
(69, 54)
(69, 55)
(69, 56)

2024-06-21 19:34:27:
(56, 58)
(56, 59)
(57, 56)
(57, 57)
(57, 58)
(58, 54)
(58, 55)
(58, 56)
(59, 52)
(59, 53)
(59, 54)
(60, 52)

2024-06-21 19:34:42:
(56, 30)
(56, 31)
(57, 31)
(57, 32)
(57, 33)
(57, 34)
(57, 35)
(58, 35)

2024-06-21 19:34:57:
(77, 60)
(77, 61)
(78, 55)
(78, 56)
(78, 57)
(78, 58)
(78, 59)
(78, 60)

2024-06-21 19:35:12:
(72, 77)
(72, 78)
(72, 79)
(72, 80)
(72, 81)

2024-06-21 19:35:27:
(74, 70)
(74, 71)
(74, 72)
(74, 73)
(74, 74)
(74, 75)

2024-06-21 19:35:42:
(64, 60)
(64, 61)
(64, 62)
(65, 58)
(65, 59)
(65, 60)
(66, 56)
(66, 57)
(66, 58)

2024-06-21 19:35:57:
(62, 37)
(62, 38)
(63, 37)
(64, 37)
(65, 37)
(66, 37)
(67, 37)

2024-06-21 19:36:12:
(59, 22)
(60, 21)
(60, 22)
(61, 20)
(61, 21)
(62, 20)

2024-06-21 19:36:27:
(77, 50)
(77, 51)
(77, 52)
(77, 53)
(77, 54)
(77, 55)

2024-06-21 19:36:42:
(71, 56)
(71, 57)
(71, 58)
(72, 53)
(72, 54)
(72, 55)
(72, 56)
(73, 52)
(73, 53)

2024-06-21 19:36:57:
(63, 44)
(63, 45)
(63, 46)
(63, 47)
(63, 48)
(64, 48)
(64, 49)
(64, 50)

2024-06-21 19:37:12:
(54, 68)
(54, 69)
(55, 66)
(55, 67)
(55, 68)
(56, 64)
(56, 65)
(56, 66)
(57, 61)
(57, 62)
(57, 63)
(57, 64)
(58, 61)

2024-06-21 19:37:27:
(58, 58)
(58, 59)
(58, 60)
(59, 56)
(59, 57)
(59, 58)
(60, 54)
(60, 55)
(60, 56)
(61, 53)
(61, 54)

2024-06-21 19:37:42:
(54, 67)
(54, 68)
(55, 65)
(55, 66)
(55, 67)
(56, 63)
(56, 64)
(56, 65)
(57, 61)
(57, 62)
(57, 63)
(58, 60)
(58, 61)

2024-06-21 19:37:57:
(50, 77)
(51, 74)
(51, 75)
(51, 76)
(51, 77)
(52, 72)
(52, 73)
(52, 74)
(53, 70)
(53, 71)
(53, 72)
(54, 69)
(54, 70)

2024-06-21 19:38:12:
(78, 38)
(79, 34)
(79, 35)
(79, 36)
(79, 37)
(79, 38)

2024-06-21 19:38:27:
(78, 39)
(78, 40)
(78, 41)
(78, 42)
(78, 43)

2024-06-21 19:38:42:
(74, 55)
(74, 56)
(74, 57)
(74, 58)
(74, 59)
(74, 60)
(74, 61)
(74, 62)

2024-06-21 19:38:57:
(33, 33)
(34, 32)
(34, 33)
(35, 31)
(35, 32)
(36, 30)
(36, 31)
(37, 29)
(37, 30)
(38, 29)
(39, 28)
(39, 29)

2024-06-21 19:39:12:
(67, 36)
(67, 37)
(67, 38)
(67, 39)
(67, 40)
(68, 40)
(68, 41)
(68, 42)

2024-06-21 19:39:27:
(68, 42)
(68, 43)
(68, 44)
(68, 45)
(68, 46)
(69, 46)
(69, 47)
(69, 48)

2024-06-21 19:39:42:
(58, 49)
(58, 50)
(59, 47)
(59, 48)
(59, 49)
(60, 46)
(60, 47)
(61, 44)
(61, 45)
(61, 46)
(62, 44)

2024-06-21 19:39:57:
(58, 25)
(58, 26)
(58, 27)
(58, 28)
(58, 29)
(59, 29)

2024-06-21 19:40:12:
(59, 30)
(59, 31)
(59, 32)
(59, 33)
(60, 33)
(60, 34)
(60, 35)

2024-06-21 19:40:27:
(76, 43)
(76, 44)
(76, 45)
(76, 46)
(76, 47)
(76, 48)

2024-06-21 19:40:42:
(68, 32)
(68, 33)
(68, 34)
(68, 35)
(68, 36)
(69, 36)

2024-06-21 19:40:57:
(63, 49)
(63, 50)
(63, 51)
(63, 52)
(64, 52)
(64, 53)
(64, 54)
(64, 55)
(64, 56)
(65, 56)

2024-06-21 19:41:12:
(48, 25)
(49, 25)
(49, 26)
(49, 27)
(49, 28)
(49, 29)
(50, 29)

2024-06-21 19:41:27:
(51, 46)
(51, 47)
(52, 45)
(52, 46)
(53, 43)
(53, 44)
(53, 45)
(54, 42)
(54, 43)
(55, 41)
(55, 42)

2024-06-21 19:41:42:
(68, 71)
(68, 72)
(68, 73)
(68, 74)
(68, 75)
(69, 75)
(69, 76)
(69, 77)

2024-06-21 19:41:57:
(53, 44)
(53, 45)
(54, 45)
(54, 46)
(54, 47)
(54, 48)
(54, 49)
(55, 49)
(55, 50)
(55, 51)

2024-06-21 19:42:12:
(63, 37)
(63, 38)
(64, 38)
(64, 39)
(64, 40)
(64, 41)
(64, 42)

2024-06-21 19:42:27:
(37, 26)
(37, 27)
(37, 28)
(37, 29)
(38, 29)
(38, 30)
(38, 31)

2024-06-21 19:42:42:
(66, 68)
(66, 69)
(66, 70)
(67, 64)
(67, 65)
(67, 66)
(67, 67)
(67, 68)
(68, 64)

2024-06-21 19:42:57:
(40, 39)
(40, 40)
(40, 41)
(40, 42)
(41, 42)
(41, 43)
(41, 44)
(41, 45)
(42, 45)
(42, 46)

2024-06-21 19:43:12:
(55, 31)
(55, 32)
(55, 33)
(55, 34)
(55, 35)
(56, 35)
(56, 36)

2024-06-21 19:43:27:
(56, 37)
(56, 38)
(56, 39)
(57, 39)
(57, 40)
(57, 41)
(57, 42)
(57, 43)

2024-06-21 19:43:42:
(68, 52)
(68, 53)
(68, 54)
(69, 49)
(69, 50)
(69, 51)
(69, 52)
(70, 49)

2024-06-21 19:43:57:
(62, 43)
(63, 41)
(63, 42)
(63, 43)
(64, 39)
(64, 40)
(64, 41)
(65, 38)
(65, 39)

2024-06-21 19:44:12:
(63, 62)
(64, 59)
(64, 60)
(64, 61)
(64, 62)
(65, 56)
(65, 57)
(65, 58)
(65, 59)
(66, 56)

2024-06-21 19:44:27:
(66, 29)
(67, 27)
(67, 28)
(67, 29)
(68, 26)
(68, 27)
(69, 26)

2024-06-21 19:44:42:
(65, 73)
(65, 74)
(65, 75)
(65, 76)
(65, 77)
(66, 77)
(66, 78)
(66, 79)

2024-06-21 19:44:57:
(58, 39)
(59, 37)
(59, 38)
(59, 39)
(60, 36)
(60, 37)
(61, 35)
(61, 36)
(62, 34)
(62, 35)

2024-06-21 19:45:12:
(43, 82)
(43, 83)
(44, 79)
(44, 80)
(44, 81)
(44, 82)
(45, 77)
(45, 78)
(45, 79)
(46, 75)
(46, 76)
(46, 77)

2024-06-21 19:45:27:
(48, 54)
(48, 55)
(49, 53)
(49, 54)
(50, 51)
(50, 52)
(50, 53)
(51, 49)
(51, 50)
(51, 51)
(52, 48)
(52, 49)
(53, 47)
(53, 48)

2024-06-21 19:45:42:
(43, 63)
(43, 64)
(44, 61)
(44, 62)
(44, 63)
(45, 59)
(45, 60)
(45, 61)
(46, 58)
(46, 59)
(47, 56)
(47, 57)
(47, 58)
(48, 55)
(48, 56)

2024-06-21 19:45:57:
(32, 89)
(32, 90)
(33, 87)
(33, 88)
(33, 89)
(34, 83)
(34, 84)
(34, 85)
(34, 86)
(34, 87)
(35, 83)

2024-06-21 19:46:12:
(35, 80)
(35, 81)
(35, 82)
(36, 78)
(36, 79)
(36, 80)
(37, 76)
(37, 77)
(37, 78)
(38, 74)
(38, 75)
(38, 76)

2024-06-21 19:46:27:
(32, 88)
(32, 89)
(32, 90)
(33, 85)
(33, 86)
(33, 87)
(33, 88)
(34, 83)
(34, 84)
(34, 85)

2024-06-21 19:46:42:
(73, 57)
(73, 58)
(73, 59)
(74, 53)
(74, 54)
(74, 55)
(74, 56)
(74, 57)

2024-06-21 19:46:57:
(67, 79)
(67, 80)
(67, 81)
(68, 76)
(68, 77)
(68, 78)
(68, 79)
(69, 74)
(69, 75)
(69, 76)

2024-06-21 19:47:12:
(42, 34)
(42, 35)
(43, 33)
(43, 34)
(44, 32)
(44, 33)
(45, 31)
(45, 32)
(46, 31)
(47, 30)
(47, 31)

