2024-06-19 18:02:57:
(50, 41)
(50, 42)
(51, 42)
(51, 43)
(52, 43)
(53, 43)
(53, 44)
(54, 44)
(54, 45)
(55, 45)
(55, 46)

2024-06-19 18:03:12:
(61, 51)
(61, 52)
(62, 52)
(62, 53)
(63, 53)
(64, 53)
(64, 54)
(65, 54)
(65, 55)
(66, 55)

2024-06-19 18:03:27:
(69, 48)
(69, 49)
(69, 50)
(69, 51)
(69, 52)
(69, 53)
(70, 53)
(70, 54)

2024-06-19 18:03:42:
(70, 55)
(70, 56)
(70, 57)
(70, 58)
(70, 59)
(70, 60)
(71, 60)
(71, 61)
(71, 62)

2024-06-19 18:03:57:
(50, 102)
(50, 103)
(51, 100)
(51, 101)
(51, 102)
(52, 99)
(52, 100)

2024-06-19 18:04:12:
(52, 89)
(52, 90)
(52, 91)
(53, 91)
(53, 92)
(54, 92)
(54, 93)
(55, 93)
(55, 94)

2024-06-19 18:04:27:
(72, 75)
(72, 76)
(72, 77)
(73, 77)
(73, 78)
(73, 79)
(73, 80)

2024-06-19 18:04:42:
(74, 55)
(74, 56)
(74, 57)
(74, 58)
(74, 59)
(74, 60)
(74, 61)

2024-06-19 18:04:57:
(47, 24)
(47, 25)
(47, 26)
(48, 26)
(48, 27)
(48, 28)
(48, 29)

2024-06-19 18:05:12:
(68, 36)
(68, 37)
(69, 37)
(69, 38)
(69, 39)
(69, 40)
(69, 41)

2024-06-19 18:05:27:
(69, 42)
(69, 43)
(70, 43)
(70, 44)
(70, 45)
(70, 46)
(70, 47)
(70, 48)

2024-06-19 18:05:42:
(60, 21)
(60, 22)
(60, 23)
(60, 24)
(61, 24)

2024-06-19 18:05:57:
(61, 25)
(61, 26)
(61, 27)
(61, 28)
(61, 29)
(62, 29)

2024-06-19 18:06:12:
(69, 81)
(69, 82)
(69, 83)
(69, 84)
(70, 78)
(70, 79)
(70, 80)
(70, 81)

2024-06-19 18:06:27:
(76, 79)
(76, 80)
(76, 81)
(76, 82)
(76, 83)

2024-06-19 18:06:42:
(73, 75)
(73, 76)
(73, 77)
(73, 78)
(73, 79)
(73, 80)

2024-06-19 18:06:57:
(40, 46)
(41, 46)
(41, 47)
(41, 48)
(41, 49)
(42, 49)
(42, 50)
(42, 51)
(42, 52)
(43, 52)
(43, 53)

2024-06-19 18:07:12:
(67, 55)
(67, 56)
(67, 57)
(67, 58)
(67, 59)
(67, 60)
(67, 61)
(68, 61)
(68, 62)

2024-06-19 18:07:27:
(53, 34)
(53, 35)
(54, 33)
(54, 34)
(55, 32)
(55, 33)
(56, 32)
(57, 31)
(57, 32)

2024-06-19 18:07:42:
(76, 58)
(76, 59)
(76, 60)
(77, 54)
(77, 55)
(77, 56)
(77, 57)
(77, 58)

2024-06-19 18:07:57:
(76, 65)
(76, 66)
(76, 67)
(76, 68)
(76, 69)
(76, 70)
(76, 71)

2024-06-19 18:08:12:
(41, 26)
(42, 26)
(42, 27)
(43, 27)
(43, 28)
(44, 28)
(44, 29)
(45, 29)

2024-06-19 18:08:27:
(75, 67)
(75, 68)
(75, 69)
(75, 70)
(75, 71)
(75, 72)
(75, 73)

2024-06-19 18:08:42:
(75, 73)
(75, 74)
(75, 75)
(75, 76)
(75, 77)
(75, 78)

2024-06-19 18:08:57:
(70, 48)
(70, 49)
(70, 50)
(70, 51)
(71, 51)
(71, 52)
(71, 53)
(71, 54)

2024-06-19 18:09:12:
(46, 83)
(47, 83)
(48, 83)
(48, 84)
(49, 84)
(50, 84)
(51, 84)
(52, 84)
(53, 84)

2024-06-19 18:09:27:
(73, 68)
(73, 69)
(73, 70)
(73, 71)
(73, 72)
(73, 73)

2024-06-19 18:09:42:
(47, 31)
(48, 30)
(48, 31)
(49, 29)
(49, 30)
(50, 28)
(50, 29)
(51, 28)

2024-06-19 18:09:57:
(42, 36)
(43, 35)
(43, 36)
(44, 34)
(44, 35)
(45, 33)
(45, 34)
(46, 32)
(46, 33)
(47, 32)

2024-06-19 18:10:12:
(76, 41)
(76, 42)
(76, 43)
(76, 44)
(76, 45)
(76, 46)
(77, 41)

2024-06-19 18:10:27:
(61, 57)
(61, 58)
(62, 54)
(62, 55)
(62, 56)
(62, 57)
(63, 52)
(63, 53)
(63, 54)

2024-06-19 18:10:42:
(75, 60)
(75, 61)
(75, 62)
(75, 63)
(76, 57)
(76, 58)
(76, 59)
(76, 60)

2024-06-19 18:10:57:
(77, 58)
(77, 59)
(78, 54)
(78, 55)
(78, 56)
(78, 57)
(78, 58)

2024-06-19 18:11:12:
(50, 43)
(51, 41)
(51, 42)
(51, 43)
(52, 40)
(52, 41)
(53, 39)
(53, 40)
(54, 38)
(54, 39)
(55, 38)

2024-06-19 18:11:27:
(77, 42)
(77, 43)
(77, 44)
(77, 45)
(77, 46)
(77, 47)

2024-06-19 18:11:42:
(76, 73)
(76, 74)
(76, 75)
(76, 76)
(76, 77)
(76, 78)
(77, 72)
(77, 73)

2024-06-19 18:11:57:
(40, 30)
(41, 30)
(41, 31)
(41, 32)
(41, 33)
(41, 34)
(41, 35)
(42, 35)
(42, 36)

2024-06-19 18:12:12:
(62, 41)
(62, 42)
(63, 39)
(63, 40)
(63, 41)
(64, 38)
(64, 39)

2024-06-19 18:12:27:
(64, 78)
(64, 79)
(65, 79)
(65, 80)
(65, 81)
(66, 81)
(66, 82)
(66, 83)

2024-06-19 18:12:42:
(75, 64)
(75, 65)
(76, 64)
(77, 63)
(77, 64)
(78, 62)
(78, 63)
(79, 62)

2024-06-19 18:12:57:
(69, 61)
(69, 62)
(69, 63)
(69, 64)
(69, 65)
(70, 65)
(70, 66)
(70, 67)
(70, 68)

2024-06-19 18:13:12:
(66, 72)
(67, 71)
(67, 72)
(68, 70)
(68, 71)
(69, 69)
(69, 70)
(70, 69)

2024-06-19 18:13:27:
(75, 86)
(75, 87)
(75, 88)
(76, 83)
(76, 84)
(76, 85)
(76, 86)

2024-06-19 18:13:42:
(60, 48)
(61, 48)
(61, 49)
(61, 50)
(61, 51)
(61, 52)
(62, 52)
(62, 53)
(62, 54)

2024-06-19 18:13:57:
(62, 55)
(62, 56)
(62, 57)
(63, 57)
(63, 58)
(63, 59)
(63, 60)
(63, 61)
(63, 62)
(64, 62)

2024-06-19 18:14:12:
(66, 79)
(66, 80)
(66, 81)
(67, 76)
(67, 77)
(67, 78)
(67, 79)
(68, 74)
(68, 75)
(68, 76)

2024-06-19 18:14:27:
(48, 25)
(49, 25)
(49, 26)
(50, 26)
(51, 26)
(51, 27)
(52, 27)
(52, 28)

2024-06-19 18:14:42:
(55, 22)
(56, 21)
(56, 22)
(57, 20)
(57, 21)
(58, 20)

2024-06-19 18:14:57:
(50, 25)
(51, 24)
(51, 25)
(52, 24)
(53, 23)
(53, 24)
(54, 22)
(54, 23)

2024-06-19 18:15:12:
(45, 29)
(46, 28)
(46, 29)
(47, 27)
(47, 28)
(48, 27)
(49, 26)
(49, 27)
(50, 26)

2024-06-19 18:15:27:
(74, 73)
(74, 74)
(74, 75)
(74, 76)
(74, 77)
(74, 78)
(74, 79)

2024-06-19 18:15:42:
(75, 53)
(75, 54)
(75, 55)
(75, 56)
(75, 57)
(75, 58)
(75, 59)

2024-06-19 18:15:57:
(65, 44)
(65, 45)
(65, 46)
(66, 42)
(66, 43)
(66, 44)
(67, 40)
(67, 41)
(67, 42)

2024-06-19 18:16:12:
(57, 30)
(57, 31)
(58, 29)
(58, 30)
(59, 28)
(59, 29)
(60, 28)
(61, 28)

2024-06-19 18:16:27:
(53, 34)
(53, 35)
(54, 33)
(54, 34)
(55, 32)
(55, 33)
(56, 31)
(56, 32)
(57, 31)

2024-06-19 18:16:42:
(49, 39)
(49, 40)
(50, 38)
(50, 39)
(51, 37)
(51, 38)
(52, 36)
(52, 37)
(53, 35)
(53, 36)

2024-06-19 18:16:57:
(64, 25)
(64, 26)
(65, 26)
(65, 27)
(65, 28)

2024-06-19 18:17:12:
(65, 29)
(65, 30)
(65, 31)
(66, 31)
(66, 32)
(66, 33)
(66, 34)

2024-06-19 18:17:27:
(44, 29)
(44, 30)
(44, 31)
(45, 31)
(45, 32)
(45, 33)
(45, 34)
(45, 35)

2024-06-19 18:17:42:
(45, 35)
(46, 35)
(46, 36)
(46, 37)
(46, 38)
(46, 39)
(47, 39)
(47, 40)
(47, 41)
(47, 42)

2024-06-19 18:17:57:
(47, 42)
(47, 43)
(48, 43)
(48, 44)
(48, 45)
(48, 46)
(48, 47)
(49, 47)
(49, 48)
(49, 49)

2024-06-19 18:18:12:
(77, 65)
(77, 66)
(77, 67)
(77, 68)
(77, 69)
(77, 70)
(77, 71)

2024-06-19 18:18:27:
(61, 91)
(61, 92)
(62, 92)
(62, 93)
(62, 94)
(63, 94)
(63, 95)

2024-06-19 18:18:42:
(76, 54)
(76, 55)
(76, 56)
(76, 57)
(76, 58)
(76, 59)
(77, 54)
(77, 55)
(77, 56)

2024-06-19 18:18:57:
(67, 74)
(67, 75)
(67, 76)
(68, 70)
(68, 71)
(68, 72)
(68, 73)
(68, 74)
(69, 70)

2024-06-19 18:19:12:
(76, 59)
(76, 60)
(76, 61)
(76, 62)
(76, 63)
(76, 64)
(76, 65)

2024-06-19 18:19:27:
(60, 69)
(61, 68)
(61, 69)
(62, 67)
(62, 68)
(63, 67)
(64, 66)
(64, 67)
(65, 66)
(66, 65)
(66, 66)

2024-06-19 18:19:42:
(54, 73)
(55, 72)
(55, 73)
(56, 71)
(56, 72)
(57, 71)
(58, 70)
(58, 71)
(59, 69)
(59, 70)
(60, 69)

2024-06-19 18:19:57:
(51, 34)
(51, 35)
(51, 36)
(52, 36)
(52, 37)
(52, 38)
(52, 39)
(52, 40)
(53, 40)

2024-06-19 18:20:12:
(73, 53)
(73, 54)
(73, 55)
(73, 56)
(73, 57)
(73, 58)
(73, 59)

2024-06-19 18:20:27:
(66, 76)
(66, 77)
(66, 78)
(67, 72)
(67, 73)
(67, 74)
(67, 75)
(67, 76)
(68, 71)
(68, 72)

2024-06-19 18:20:42:
(74, 66)
(74, 67)
(74, 68)
(74, 69)
(74, 70)
(74, 71)
(74, 72)

2024-06-19 18:20:57:
(76, 36)
(76, 37)
(76, 38)
(76, 39)

2024-06-19 18:21:12:
(68, 46)
(68, 47)
(68, 48)
(68, 49)
(68, 50)
(68, 51)
(68, 52)
(69, 52)
(69, 53)

2024-06-19 18:21:27:
(73, 48)
(73, 49)
(73, 50)
(73, 51)
(73, 52)
(73, 53)
(73, 54)

2024-06-19 18:21:42:
(70, 61)
(70, 62)
(70, 63)
(70, 64)
(71, 64)
(71, 65)
(71, 66)
(71, 67)

2024-06-19 18:21:57:
(59, 34)
(59, 35)
(59, 36)
(60, 36)
(60, 37)
(60, 38)
(60, 39)
(60, 40)

2024-06-19 18:22:12:
(57, 67)
(57, 68)
(58, 68)
(59, 68)
(60, 68)
(61, 68)
(61, 69)
(63, 69)

2024-06-19 18:22:27:
(76, 69)
(76, 70)
(77, 65)
(77, 66)
(77, 67)
(77, 68)
(77, 69)
(77, 70)

2024-06-19 18:22:42:
(66, 79)
(66, 80)
(66, 81)
(66, 82)
(67, 76)
(67, 77)
(67, 78)
(67, 79)

2024-06-19 18:22:57:
(62, 64)
(62, 65)
(62, 66)
(63, 62)
(63, 63)
(63, 64)
(64, 60)
(64, 61)
(64, 62)

2024-06-19 18:23:12:
(68, 40)
(68, 41)
(68, 42)
(68, 43)
(69, 43)
(69, 44)
(69, 45)

2024-06-19 18:23:27:
(74, 55)
(74, 56)
(74, 57)
(74, 58)
(74, 59)
(74, 60)
(74, 61)

2024-06-19 18:23:42:
(48, 52)
(48, 53)
(49, 53)
(49, 54)
(49, 55)
(49, 56)
(50, 56)
(50, 57)
(50, 58)
(50, 59)
(51, 59)
(51, 60)

2024-06-19 18:23:57:
(55, 57)
(55, 58)
(55, 59)
(56, 59)
(56, 60)
(56, 61)
(56, 62)
(57, 62)
(57, 63)
(57, 64)

2024-06-19 18:24:12:
(57, 65)
(58, 65)
(58, 66)
(58, 67)
(58, 68)
(58, 69)
(59, 69)
(59, 70)
(59, 71)
(59, 72)

2024-06-19 18:24:27:
(60, 72)
(60, 73)
(60, 74)
(60, 75)
(61, 75)
(61, 76)
(61, 77)
(62, 77)
(62, 78)

2024-06-19 18:24:42:
(75, 71)
(75, 72)
(75, 73)
(75, 74)
(76, 68)
(76, 69)
(76, 70)
(76, 71)

2024-06-19 18:24:57:
(74, 70)
(74, 71)
(74, 72)
(74, 73)
(74, 74)
(74, 75)
(74, 76)

2024-06-19 18:25:12:
(66, 56)
(67, 55)
(67, 56)
(68, 55)
(69, 54)
(69, 55)
(70, 54)
(71, 54)

2024-06-19 18:25:27:
(51, 40)
(51, 41)
(52, 39)
(52, 40)
(53, 38)
(53, 39)
(54, 37)

2024-06-19 18:25:42:
(54, 62)
(54, 63)
(55, 62)
(56, 61)
(56, 62)
(57, 61)
(58, 60)
(58, 61)
(59, 60)
(60, 60)

2024-06-19 18:25:57:
(74, 59)
(74, 60)
(74, 61)
(75, 61)
(75, 62)
(75, 63)
(75, 64)
(75, 65)

2024-06-19 18:26:12:
(65, 58)
(65, 59)
(66, 55)
(66, 56)
(66, 57)
(66, 58)
(67, 53)
(67, 54)
(67, 55)

2024-06-19 18:26:27:
(68, 39)
(68, 40)
(68, 41)
(68, 42)
(68, 43)
(69, 43)
(69, 44)
(69, 45)

2024-06-19 18:26:42:
(69, 46)
(69, 47)
(69, 48)
(69, 49)
(70, 49)
(70, 50)
(70, 51)
(70, 52)

2024-06-19 18:26:57:
(65, 43)
(65, 44)
(65, 45)
(66, 41)
(66, 42)
(66, 43)
(67, 40)
(67, 41)

2024-06-19 18:27:12:
(72, 51)
(72, 52)
(72, 53)
(72, 54)
(72, 55)
(73, 49)
(73, 50)
(73, 51)

2024-06-19 18:27:27:
(73, 43)
(73, 44)

2024-06-19 18:34:27:
(45, 68)
(45, 69)
(46, 69)
(46, 70)
(46, 71)
(47, 71)
(47, 72)
(47, 73)
(48, 73)
(48, 74)
(48, 75)

2024-06-19 18:34:42:
(69, 51)
(69, 52)
(70, 48)
(70, 49)
(70, 50)
(70, 51)
(71, 47)
(71, 48)

2024-06-19 18:34:57:
(67, 31)
(68, 29)
(68, 30)
(68, 31)
(69, 28)
(69, 29)

2024-06-19 18:35:12:
(37, 29)
(38, 28)
(39, 27)
(39, 28)
(40, 26)
(40, 27)
(41, 26)
(42, 25)
(42, 26)

